0.0 0.0 0.0 0.5528279007278036
0.0 0.0 0.0 0.5261103759894067
0.0 0.0 0.0 0.20546050375663158
0.0 0.0 0.0 0.08517326236657813
0.0 0.0 0.0 0.03775273766182
0.0 0.0 0.0 0.0793430865638938
0.0 0.0 0.0 0.0865864162374683
0.0 0.0 0.0 0.02527
0.0 0.0 0.0 0.06400201670000001
0.0 0.0 0.0 0.055250637000000005
0.0 0.0 0.0 0.0
0.0 0.0 0.0 0.0
0.0 0.0 0.0 0.029260000000000008
0.0 0.0 0.0 0.0
0.0 0.0 0.0 0.0164
0.0 0.0 0.0 0.0
0.0 0.0 0.0 0.0
0.0 0.0 0.0 0.0176
0.0 0.0 0.0 0.0
0.0 0.0 0.0 0.0
0.0 0.0 0.0 0.0
0.0 0.0 0.0 0.0
0.0 0.0 0.0 0.0
0.0 0.0 0.0 0.0
0.0 0.0 0.0 0.0
0.0 0.0 0.0 0.0
0.0 0.0 0.0 0.0
0.0 0.0 0.0 0.0
0.0 0.0 0.0 0.0
0.0 0.0 0.0 0.0
0.0 0.0 0.0 0.0
0.0 0.0 0.0 0.0
0.0 0.0 0.0 0.0
0.0 0.0 0.0 0.0
0.0 0.0 0.0 0.0
0.0 0.0 0.0 0.0
0.0 0.0 0.0 0.0
0.0 0.0 0.0 0.0
0.0 0.0 0.0 0.0
0.0 0.0 0.0 0.0
0.0 0.0 0.4839196478051711 0.37347392564181325
0.0 0.0 0.4865360310215723 0.33897173145995574
0.0 0.0 0.20877599649328274 0.19781796223824383
0.0 0.0 0.06473732145491609 0.16514085416939092
0.0 0.0 0.02349315985188 0.034142989949
0.0 0.0 0.04325439941581251 0.041246221253289764
0.0 0.0 0.09861891347575093 0.05141578049840001
0.0 0.0 0.013200000000000002 0.113525
0.0 0.0 0.05425820867 0.014300000000000002
0.0 0.0 0.05395383370000001 0.037069538337
0.0 0.0 0.0 0.0
0.0 0.0 0.0 0.0
0.0 0.0 0.014000000000000002 0.016660000000000005
0.0 0.0 0.026600000000000006 0.03
0.0 0.0 0.014000000000000002 0.0
0.0 0.0 0.0 0.0
0.0 0.0 0.0 0.0
0.0 0.0 0.016 0.0
0.0 0.0 0.0 0.017
0.0 0.0 0.0 0.0
0.0 0.0 0.0 0.0208
0.0 0.0 0.0 0.0
0.0 0.0 0.0 0.0
0.0 0.0 0.0 0.0
0.0 0.0 0.0 0.0
0.0 0.0 0.0 0.0
0.0 0.0 0.0 0.0
0.0 0.0 0.0 0.0
0.0 0.0 0.0 0.0
0.0 0.0 0.0 0.0
0.0 0.0 0.0 0.0
0.0 0.0 0.0 0.0
0.0 0.0 0.0 0.0
0.0 0.0 0.0 0.0
0.0 0.0 0.0 0.0
0.0 0.0 0.0 0.0
0.0 0.0 0.0 0.0
0.0 0.0 0.0 0.0
0.0 0.0 0.0 0.0
0.0 0.0 0.0 0.0
0.0 0.0 0.431453837593106 0.0425172
0.0 0.0 0.28050240826077566 0.026550631139869975
0.0 0.0 0.20708705867923982 0.020900000000000002
0.0 0.0 0.16951737514754825 0.15337406250440888
0.0 0.0 0.0121 0.0596999471
0.0 0.0 0.04783450212532898 0.1135259348384999
0.0 0.0 0.05509257551101068 0.08399028821920243
0.0 0.0 0.07235 0.0894611573683
0.0 0.0 0.026130000000000004 0.013000000000000001
0.0 0.0 0.034951228403 0.0
0.0 0.0 0.0 0.0
0.0 0.0 0.0 0.0
0.0 0.0 0.026600000000000006 0.01654
0.0 0.0 0.0 0.05752700000000001
0.0 0.0 0.015 0.05293025
0.0 0.0 0.015 0.0177
0.0 0.0 0.0 0.0
0.0 0.0 0.016 0.0
0.0 0.0 0.0 0.0
0.0 0.0 0.0 0.03843539000000001
0.0 0.0 0.018 0.0
0.0 0.0 0.0 0.0
0.0 0.0 0.0 0.0
0.0 0.0 0.0 0.0
0.0 0.0 0.0 0.0
0.0 0.0 0.0 0.0
0.0 0.0 0.0 0.0
0.0 0.0 0.0 0.0
0.0 0.0 0.0 0.0
0.0 0.0 0.0 0.0
0.0 0.0 0.0 0.0
0.0 0.0 0.0 0.0
0.0 0.0 0.0 0.0
0.0 0.0 0.0 0.0
0.0 0.0 0.0 0.0
0.0 0.0 0.0 0.0
0.0 0.0 0.0 0.0
0.0 0.0 0.0 0.0
0.0 0.0 0.0 0.0
0.0 0.0 0.0 0.0
0.0 0.0 0.026092000000000004 0.011000000000000001
0.0 0.0 0.05909249377282916 0.1259926694513736
0.0 0.0 0.018455280869631756 0.17714227527175994
0.0 0.0 0.06327198250159316 0.13419839383603777
0.0 0.0 0.042543911000000004 0.049494830000000004
0.0 0.0 0.1598797422972516 0.1645842600587515
0.0 0.0 0.07706732997866401 0.044105777794
0.0 0.0 0.013000000000000001 0.12018748917000001
0.0 0.0 0.015613000000000002 0.015540000000000002
0.0 0.0 0.013000000000000001 0.0
0.0 0.0 0.0 0.0
0.0 0.0 0.014000000000000002 0.03005
0.0 0.0 0.029514000000000006 0.04933826
0.0 0.0 0.0 0.048168600000000006
0.0 0.0 0.0741764975 0.05424720000000001
0.0 0.0 0.016 0.05498923700000001
0.0 0.0 0.0 0.040016300000000005
0.0 0.0 0.017 0.039157000000000004
0.0 0.0 0.0 0.0
0.0 0.0 0.021843539000000002 0.0233539
0.0 0.0 0.019000000000000003 0.043903000000000005
0.0 0.0 0.0 0.0
0.0 0.0 0.0 0.0
0.0 0.0 0.0 0.0
0.0 0.0 0.0 0.0
0.0 0.0 0.0 0.0
0.0 0.0 0.0 0.0
0.0 0.0 0.0 0.0
0.0 0.0 0.0 0.0
0.0 0.0 0.0 0.0
0.0 0.0 0.0 0.0
0.0 0.0 0.0 0.0
0.0 0.0 0.0 0.0
0.0 0.0 0.0 0.0
0.0 0.0 0.0 0.0
0.0 0.0 0.0 0.0
0.0 0.0 0.0 0.0
0.0 0.0 0.0 0.0
0.0 0.0 0.0 0.0
0.0 0.0 0.0 0.0
0.0 0.0 0.0 0.0605
0.0 0.0 0.10852521042140664 0.09
0.0 0.0 0.1361707303261119 0.19124999999999998
0.0 0.0 0.01408343213104641 0.2280126010040952
0.0 0.0 0.031121395999999996 0.123325877735
0.0 0.0 0.20564256021976876 0.13828150581545007
0.0 0.0 0.03967371564 0.11933858611332002
0.0 0.0 0.03982692074506 0.07610577088940002
0.0 0.0 0.014554000000000001 0.03350755130000001
0.0 0.0 0.015300000000000003 0.04251885000000001
0.0 0.0 0.026600000000000006 0.035206
0.0 0.0 0.015500000000000003 0.020087274000000002
0.0 0.0 0.017951400000000003 0.04651400000000001
0.0 0.0 0.033146 0.0
0.0 0.0 0.08358869775000002 0.0
0.0 0.0 0.039141146700000004 0.08908125103000002
0.0 0.0 0.048093000000000004 0.01987
0.0 0.0 0.03427 0.0
0.0 0.0 0.018 0.041629000000000006
0.0 0.0 0.0 0.04353900000000001
0.0 0.0 0.05788730000000001 0.023
0.0 0.0 0.0 0.0
0.0 0.0 0.0 0.0
0.0 0.0 0.0 0.0
0.0 0.0 0.0 0.0
0.0 0.0 0.0 0.0
0.0 0.0 0.0 0.0
0.0 0.0 0.0 0.0
0.0 0.0 0.0 0.0
0.0 0.0 0.0 0.0
0.0 0.0 0.0 0.0
0.0 0.0 0.0 0.0
0.0 0.0 0.0 0.0
0.0 0.0 0.0 0.0
0.0 0.0 0.0 0.0
0.0 0.0 0.0 0.0
0.0 0.0 0.0 0.0
0.0 0.0 0.0 0.0
0.0 0.0 0.0 0.0
0.0 0.0 0.0 0.0
0.0 0.0 0.0 0.0
0.0 0.0 0.0 0.2934375
0.0 0.0 0.23437499999999997 0.101978390775
0.0 0.0 0.18668494120491425 0.09725990000000001
0.0 0.0 0.06442567077000001 0.1025796131585
0.0 0.0 0.18151455651665996 0.1926962681463311
0.0 0.0 0.06459988260024001 0.10515253651535
0.0 0.0 0.03876107286000001 0.062226284260000014
0.0 0.0 0.04392415513 0.06937747470000001
0.0 0.0 0.04597503500000001 0.033518525665
0.0 0.0 0.04186000000000001 0.0166
0.0 0.0 0.015 0.05087274000000001
0.0 0.0 0.0166 0.030400000000000003
0.0 0.0 0.0 0.0
0.0 0.0 0.040093922000000004 0.0
0.0 0.0 0.07055501330000001 0.043155375600000004
0.0 0.0 0.0187 0.020900000000000002
0.0 0.0 0.0 0.021361000000000005
0.0 0.0 0.03819 0.0
0.0 0.0 0.0578149 0.0
0.0 0.0 0.020000000000000004 0.0
0.0 0.0 0.0 0.0
0.0 0.0 0.0 0.0
0.0 0.0 0.0 0.0
0.0 0.0 0.0 0.0
0.0 0.0 0.0 0.0
0.0 0.0 0.0 0.0
0.0 0.0 0.0 0.0
0.0 0.0 0.0 0.0
0.0 0.0 0.0 0.0
0.0 0.0 0.0 0.0
0.0 0.0 0.0 0.0
0.0 0.0 0.0 0.0
0.0 0.0 0.0 0.0
0.0 0.0 0.0 0.0
0.0 0.0 0.0 0.0
0.0 0.0 0.0 0.0
0.0 0.0 0.0 0.0
0.0 0.0 0.0 0.0
0.0 0.0 0.0 0.0
0.0 0.0 0.0 0.013319999999999999
0.0 0.0 0.253125 0.10299529725
0.0 0.0 0.13874999999999998 0.10267791683500001
0.0 0.0 0.20042816890573328 0.014300000000000002
0.0 0.0 0.0182447847 0.12879018050275
0.0 0.0 0.18791846664707346 0.15048754419437177
0.0 0.0 0.0311135726264 0.1388862705496
0.0 0.0 0.06964938260000002 0.04925425400000001
0.0 0.0 0.020937747470000004 0.10869814135705003
0.0 0.0 0.03533525665000001 0.016499999999999997
0.0 0.0 0.015 0.016
0.0 0.0 0.062154534000000004 0.0
0.0 0.0 0.0 0.018899000000000003
0.0 0.0 0.0 0.0187
0.0 0.0 0.03423425000000001 0.0
0.0 0.0 0.05585076300000001 0.020970000000000003
0.0 0.0 0.0 0.019000000000000003
0.0 0.0 0.019000000000000003 0.023610000000000006
0.0 0.0 0.0 0.021
0.0 0.0 0.020000000000000004 0.0
0.0 0.0 0.0 0.0
0.0 0.0 0.0 0.0
0.0 0.0 0.0 0.0
0.0 0.0 0.0 0.0
0.0 0.0 0.0 0.0
0.0 0.0 0.0 0.0
0.0 0.0 0.0 0.0
0.0 0.0 0.0 0.0
0.0 0.0 0.0 0.0
0.0 0.0 0.0 0.0
0.0 0.0 0.0 0.0
0.0 0.0 0.0 0.0
0.0 0.0 0.0 0.0
0.0 0.0 0.0 0.0
0.0 0.0 0.0 0.0
0.0 0.0 0.0 0.0
0.0 0.0 0.0 0.0
0.0 0.0 0.0 0.0
0.0 0.0 0.0 0.0
0.0 0.0 0.0 0.0
0.0 0.0 0.06666 0.013200000000000002
0.0 0.0 0.012 0.17247413487500002
0.0 0.0 0.135375 0.059384645970000004
0.0 0.0 0.0 0.10725000000000001
0.0 0.0 0.09895261315850001 0.08629687392350001
0.0 0.0 0.0971611883887435 0.028150000000000005
0.0 0.0 0.04461447720645001 0.28139521370907816
0.0 0.0 0.09403618995400001 0.22624435258382997
0.0 0.0 0.04039000176600001 0.07927823950000001
0.0 0.0 0.04378499999999999 0.019924118600000002
0.0 0.0 0.0 0.0345116
0.0 0.0 0.016 0.0
0.0 0.0 0.0 0.038062000000000006
0.0 0.0 0.017 0.0
0.0 0.0 0.0 0.019000000000000003
0.0 0.0 0.039474777 0.0
0.0 0.0 0.020900000000000002 0.06373990000000002
0.0 0.0 0.03610000000000001 0.0437
0.0 0.0 0.0221 0.0
0.0 0.0 0.0 0.0
0.0 0.0 0.0 0.0
0.0 0.0 0.0 0.0
0.0 0.0 0.0 0.0
0.0 0.0 0.0 0.0
0.0 0.0 0.0 0.0
0.0 0.0 0.0 0.0
0.0 0.0 0.0 0.0
0.0 0.0 0.0 0.0
0.0 0.0 0.0 0.0
0.0 0.0 0.0 0.0
0.0 0.0 0.0 0.0
0.0 0.0 0.0 0.0
0.0 0.0 0.0 0.0
0.0 0.0 0.0 0.0
0.0 0.0 0.0 0.0
0.0 0.0 0.0 0.0
0.0 0.0 0.0 0.0
0.0 0.0 0.0 0.0
0.0 0.0 0.0 0.0
0.0 0.0 0.0 0.0
0.0 0.0 0.012 0.015613000000000002
0.0 0.0 0.11964942325 0.1124750315
0.0 0.0 0.033312533527000004 0.14475994747684853
0.0 0.0 0.154375 0.10500000000000001
0.0 0.0 0.016927747847 0.016660000000000005
0.0 0.0 0.0 0.1811201
0.0 0.0 0.329244988273136 0.141681903825
0.0 0.0 0.020835157140000005 0.40146601977793883
0.0 0.0 0.06669162940000001 0.147590636075
0.0 0.0 0.0463785 0.039241186000000004
0.0 0.0 0.016 0.04368556000000001
0.0 0.0 0.0176 0.054884174000000015
0.0 0.0 0.0 0.16675051205
0.0 0.0 0.017 0.10337985258000001
0.0 0.0 0.03781 0.0
0.0 0.0 0.020970000000000003 0.0
0.0 0.0 0.061816880000000005 0.06330910000000001
0.0 0.0 0.020000000000000004 0.0
0.0 0.0 0.0 0.0
0.0 0.0 0.0 0.0
0.0 0.0 0.0 0.0
0.0 0.0 0.0 0.0
0.0 0.0 0.0 0.0
0.0 0.0 0.0 0.0
0.0 0.0 0.0 0.0
0.0 0.0 0.0 0.0
0.0 0.0 0.0 0.0
0.0 0.0 0.0 0.0
0.0 0.0 0.0 0.0
0.0 0.0 0.0 0.0
0.0 0.0 0.0 0.0
0.0 0.0 0.0 0.0
0.0 0.0 0.0 0.0
0.0 0.0 0.0 0.0
0.0 0.0 0.0 0.0
0.0 0.0 0.0 0.0
0.0 0.0 0.0 0.0
0.0 0.0 0.0 0.0
0.0 0.0 0.0 0.0
0.0 0.0 0.0 0.0
0.0 0.0 0.013561299999999998 0.06607557333000001
0.0 0.0 0.14707723225 0.013000000000000001
0.0 0.0 0.21752135218263638 0.23158663692511638
0.0 0.0 0.14218750000000002 0.16338131850000004
0.0 0.0 0.0784638739235 0.026600000000000006
0.0 0.0 0.015550000000000003 0.1571534875
0.0 0.0 0.16569234441250003 0.016499999999999997
0.0 0.0 0.41112531184395096 0.6246518294706478
0.0 0.0 0.035919835 0.11441542
0.0 0.0 0.019924118600000002 0.2655505543105
0.0 0.0 0.07209560000000001 0.05522904000000001
0.0 0.0 0.054454740000000015 0.147696295075
0.0 0.0 0.07116345900000001 0.3295818622875
0.0 0.0 0.06800016380000001 0.06092539163800001
0.0 0.0 0.05348000000000001 0.022341
0.0 0.0 0.0 0.0
0.0 0.0 0.044101 0.0
0.0 0.0 0.021 0.046130000000000004
0.0 0.0 0.0 0.0
0.0 0.0 0.0 0.0
0.0 0.0 0.0 0.026000000000000002
0.0 0.0 0.0 0.0
0.0 0.0 0.0 0.0
0.0 0.0 0.0 0.0
0.0 0.0 0.0 0.0
0.0 0.0 0.0 0.0
0.0 0.0 0.0 0.0
0.0 0.0 0.0 0.0
0.0 0.0 0.0 0.0
0.0 0.0 0.0 0.0
0.0 0.0 0.0 0.0
0.0 0.0 0.0 0.0
0.0 0.0 0.0 0.0
0.0 0.0 0.0 0.0
0.0 0.0 0.0 0.0
0.0 0.0 0.0 0.0
0.0 0.0 0.0 0.0
0.0 0.0 0.0 0.0
0.0 0.0 0.0 0.0
0.0 0.0 0.0 0.0
0.0 0.0 0.07053198400300001 0.113787093016685
0.0 0.0 0.0 0.04186000000000001
0.0 0.0 0.3149401304205208 0.06779324000000002
0.0 0.0 0.20615109875000004 0.015683516
0.0 0.0 0.0 0.015
0.0 0.0 0.04364950000000001 0.13036875
0.0 0.0 0.11658653175 0.22625
0.0 0.0 0.6652499416903416 0.15302907152150003
0.0 0.0 0.0195919835 0.17140405500000003
0.0 0.0 0.140115937 0.28959983462100003
0.0 0.0 0.150463 0.018
0.0 0.0 0.067740949365 0.07242053650000001
0.0 0.0 0.23240617529500002 0.26970075723
0.0 0.0 0.08147754112200001 0.19722848891236594
0.0 0.0 0.020900000000000002 0.046647999999999995
0.0 0.0 0.0 0.022000000000000002
0.0 0.0 0.021 0.0
0.0 0.0 0.048483 0.0
0.0 0.0 0.023000000000000003 0.0
0.0 0.0 0.0 0.0
0.0 0.0 0.0 0.056080000000000005
0.0 0.0 0.0 0.0
0.0 0.0 0.0 0.0
0.0 0.0 0.0 0.0
0.0 0.0 0.0 0.0
0.0 0.0 0.0 0.0
0.0 0.0 0.0 0.0
0.0 0.0 0.0 0.0
0.0 0.0 0.0 0.0
0.0 0.0 0.0 0.0
0.0 0.0 0.0 0.0
0.0 0.0 0.0 0.0
0.0 0.0 0.0 0.0
0.0 0.0 0.0 0.0
0.0 0.0 0.0 0.0
0.0 0.0 0.0 0.0
0.0 0.0 0.0 0.0
0.0 0.0 0.0 0.0
0.0 0.0 0.0 0.0
0.0 0.0 0.0 0.0
0.0 0.0 0.04158947 0.34117432619972726
0.0 0.0 0.0 0.17025654423050002
0.0 0.0 0.22291368804147768 0.03974100000000001
0.0 0.0 0.09263169202000002 0.149311974921
0.0 0.0 0.015500000000000003 0.3270309225077914
0.0 0.0 0.2144140625 0.1107375
0.0 0.0 0.11499999999999999 0.0
0.0 0.0 0.3863027289115177 0.11970350000000002
0.0 0.0 0.15276811 0.018860000000000002
0.0 0.0 0.33621252761750003 0.073253300664
0.0 0.0 0.0188 0.160711
0.0 0.0 0.025242053650000002 0.093761808
0.0 0.0 0.08552873820000002 0.16028695
0.0 0.0 0.24712609285483889 0.3723762298205646
0.0 0.0 0.022090000000000002 0.06826325999999999
0.0 0.0 0.0 0.0
0.0 0.0 0.0439 0.026739000000000002
0.0 0.0 0.0 0.1375
0.0 0.0 0.0 0.0
0.0 0.0 0.0 0.0
0.0 0.0 0.05752800000000001 0.0
0.0 0.0 0.0 0.0
0.0 0.0 0.0 0.0
0.0 0.0 0.0 0.0
0.0 0.0 0.0 0.0
0.0 0.0 0.0 0.0
0.0 0.0 0.0 0.0
0.0 0.0 0.0 0.0
0.0 0.0 0.0 0.0
0.0 0.0 0.0 0.0
0.0 0.0 0.0 0.0
0.0 0.0 0.0 0.0
0.0 0.0 0.0 0.0
0.0 0.0 0.0 0.0
0.0 0.0 0.0 0.0
0.0 0.0 0.0 0.0
0.0 0.0 0.0 0.0
0.0 0.0 0.0 0.0
0.0 0.0 0.0 0.0
0.0 0.0 0.0 0.0
0.0 0.0 0.32450448842400326 0.10845738401318501
0.0 0.0 0.0 0.078142058974
0.0 0.0 0.10635455000000002 0.18820775
0.0 0.0 0.2018352063615 0.20465113750000002
0.0 0.0 0.26172101520513497 0.255126468985252
0.0 0.0 0.043975 0.18000000000000002
0.0 0.0 0.0 0.03957240000000001
0.0 0.0 0.15752025 0.10250000000000001
0.0 0.0 0.05719724400000001 0.0
0.0 0.0 0.022927599260000004 0.09533223480000001
0.0 0.0 0.110434 0.0
0.0 0.0 0.06584228080000001 0.09357700580000002
0.0 0.0 0.04191 0.42484843437500003
0.0 0.0 0.27017230642741946 0.22034262999999998
0.0 0.0 0.044479 0.39787698687500006
0.0 0.0 0.11 0.0
0.0 0.0 0.05204100000000001 0.025
0.0 0.0 0.0 0.0
0.0 0.0 0.0 0.0
0.0 0.0 0.0 0.0
0.0 0.0 0.0 0.0
0.0 0.0 0.0 0.0
0.0 0.0 0.0 0.0
0.0 0.0 0.0 0.0
0.0 0.0 0.0 0.0
0.0 0.0 0.0 0.0
0.0 0.0 0.0 0.0
0.0 0.0 0.0 0.0
0.0 0.0 0.0 0.0
0.0 0.0 0.0 0.0
0.0 0.0 0.0 0.0
0.0 0.0 0.0 0.0
0.0 0.0 0.0 0.0
0.0 0.0 0.0 0.0
0.0 0.0 0.0 0.0
0.0 0.0 0.0 0.0
0.0 0.0 0.0 0.0
0.0 0.0 0.0 0.0
0.0 0.0 0.0 0.0
0.0 0.0 0.0 0.0
0.0 0.0 0.04877076802637001 0.0
0.0 0.0 0.033956714245000005 0.07884390384500001
0.0 0.0 0.227784125 0.030100000000000002
0.0 0.0 0.04602386804 0.373135034375
0.0 0.0 0.36451975539099746 0.0337
0.0 0.0 0.12 0.15500000000000003
0.0 0.0 0.045364 0.0
0.0 0.0 0.13625 0.22236087499999999
0.0 0.0 0.017 0.04335610000000001
0.0 0.0 0.07850573148000001 0.019000000000000003
0.0 0.0 0.019000000000000003 0.10082736410000001
0.0 0.0 0.02109 0.065311548
0.0 0.0 0.35021693125000003 0.22252397500000004
0.0 0.0 0.17276426 0.0
0.0 0.0 0.42799085418750005 0.132
0.0 0.0 0.1265 0.05244000000000001
0.0 0.0 0.1592705 0.0
0.0 0.0 0.0 0.0
0.0 0.0 0.0 0.0
0.0 0.0 0.0 0.0
0.0 0.0 0.0 0.0
0.0 0.0 0.0 0.0
0.0 0.0 0.0 0.0
0.0 0.0 0.0 0.0
0.0 0.0 0.0 0.0
0.0 0.0 0.0 0.0
0.0 0.0 0.0 0.0
0.0 0.0 0.0 0.0
0.0 0.0 0.0 0.0
0.0 0.0 0.0 0.0
0.0 0.0 0.0 0.0
0.0 0.0 0.0 0.0
0.0 0.0 0.0 0.0
0.0 0.0 0.0 0.0
0.0 0.0 0.0 0.0
0.0 0.0 0.0 0.0
0.0 0.0 0.0 0.0
0.0 0.0 0.0 0.0
0.0 0.0 0.0 0.0
0.0 0.0 0.0 0.0
0.0 0.0 0.0 0.0
0.0 0.0 0.08794998653950002 0.0
0.0 0.0 0.0 0.016
0.0 0.0 0.30157190625 0.016
0.0 0.0 0.3638493795207304 0.018600000000000002
0.0 0.0 0.14 0.0
0.0 0.0 0.0 0.0
0.0 0.0 0.2686340625 0.143605
0.0 0.0 0.020281900000000002 0.03819
0.0 0.0 0.0468608628 0.0
0.0 0.0 0.083525151 0.05953747100000001
0.0 0.0 0.153659324 0.04620909000000001
0.0 0.0 0.292813515625 0.06936530000000002
0.0 0.0 0.0439 0.0
0.0 0.0 0.23405236075000002 0.0
0.0 0.0 0.050844 0.05216000000000001
0.0 0.0 0.0 0.0
0.0 0.0 0.0 0.0
0.0 0.0 0.0 0.0
0.0 0.0 0.0 0.0
0.0 0.0 0.0 0.0
0.0 0.0 0.0 0.0
0.0 0.0 0.0 0.0
0.0 0.0 0.0 0.0
0.0 0.0 0.0 0.0
0.0 0.0 0.0 0.0
0.0 0.0 0.0 0.0
0.0 0.0 0.0 0.0
0.0 0.0 0.0 0.0
0.0 0.0 0.0 0.0
0.0 0.0 0.0 0.0
0.0 0.0 0.0 0.0
0.0 0.0 0.0 0.0
0.0 0.0 0.0 0.0
0.0 0.0 0.0 0.0
0.0 0.0 0.0 0.0
0.0 0.0 0.0 0.0
0.0 0.0 0.0 0.0
0.0 0.0 0.0 0.0
0.0 0.0 0.0 0.0
0.0 0.0 0.0 0.0
0.0 0.0 0.0 0.0
0.0 0.0 0.0 0.016
0.0 0.0 0.019343560000000003 0.0187
0.0 0.0 0.016 0.0
0.0 0.0 0.0 0.0
0.0 0.0 0.0 0.03981900000000001
0.0 0.0 0.162453625 0.1338405
0.0 0.0 0.020900000000000002 0.0
0.0 0.0 0.03856636120000001 0.0
0.0 0.0 0.04992194900000001 0.022000000000000002
0.0 0.0 0.0440909 0.0
0.0 0.0 0.07257123 0.0
0.0 0.0 0.0 0.0
0.0 0.0 0.0 0.0
0.0 0.0 0.05505600000000001 0.0
0.0 0.0 0.0 0.0
0.0 0.0 0.0 0.0
0.0 0.0 0.0 0.0
0.0 0.0 0.0 0.0
0.0 0.0 0.0 0.0
0.0 0.0 0.0 0.0
0.0 0.0 0.0 0.0
0.0 0.0 0.0 0.0
0.0 0.0 0.0 0.0
0.0 0.0 0.0 0.0
0.0 0.0 0.0 0.0
0.0 0.0 0.0 0.0
0.0 0.0 0.0 0.0
0.0 0.0 0.0 0.0
0.0 0.0 0.0 0.0
0.0 0.0 0.0 0.0
0.0 0.0 0.0 0.0
0.0 0.0 0.0 0.0
0.0 0.0 0.0 0.0
0.0 0.0 0.0 0.0
0.0 0.0 0.0 0.0
0.0 0.0 0.0 0.0
0.0 0.0 0.0 0.0
0.0 0.0 0.0 0.0
0.0 0.0 0.0 0.0
0.0 0.0 0.0 0.0
0.0 0.0 0.0 0.0
0.0 0.0 0.01787 0.017
0.0 0.0 0.0 0.0
0.0 0.0 0.0 0.07647484900000001
0.0 0.0 0.02009 0.019000000000000003
0.0 0.0 0.020900000000000002 0.12155
0.0 0.0 0.115995 0.0
0.0 0.0 0.0 0.0
0.0 0.0 0.0232 0.0
0.0 0.0 0.0 0.04814
0.0 0.0 0.0 0.0
0.0 0.0 0.0 0.0
0.0 0.0 0.0 0.0
0.0 0.0 0.0 0.0
0.0 0.0 0.0 0.0
0.0 0.0 0.0 0.0
0.0 0.0 0.0 0.0
0.0 0.0 0.0 0.0
0.0 0.0 0.0 0.0
0.0 0.0 0.0 0.0
0.0 0.0 0.0 0.0
0.0 0.0 0.0 0.0
0.0 0.0 0.0 0.0
0.0 0.0 0.0 0.0
0.0 0.0 0.0 0.0
0.0 0.0 0.0 0.0
0.0 0.0 0.0 0.0
0.0 0.0 0.0 0.0
0.0 0.0 0.0 0.0
0.0 0.0 0.0 0.0
0.0 0.0 0.0 0.0
0.0 0.0 0.0 0.0
0.0 0.0 0.0 0.0
0.0 0.0 0.0 0.0
0.0 0.0 0.0 0.0
0.0 0.0 0.0 0.0
0.0 0.0 0.0 0.0
0.0 0.0 0.0 0.0
0.0 0.0 0.0 0.0
0.0 0.0 0.0 0.0
0.0 0.0 0.0 0.0
0.0 0.0 0.0 0.0
0.0 0.0 0.0 0.019000000000000003
0.0 0.0 0.05947239 0.019000000000000003
0.0 0.0 0.0 0.038000000000000006
0.0 0.0 0.165275 0.021
0.0 0.0 0.0 0.0
0.0 0.0 0.0 0.0
0.0 0.0 0.02432 0.0
0.0 0.0 0.025400000000000002 0.0
0.0 0.0 0.0 0.0
0.0 0.0 0.0 0.0
0.0 0.0 0.0 0.0
0.0 0.0 0.0 0.0
0.0 0.0 0.0 0.0
0.0 0.0 0.0 0.0
0.0 0.0 0.0 0.0
0.0 0.0 0.0 0.0
0.0 0.0 0.0 0.0
0.0 0.0 0.0 0.0
0.0 0.0 0.0 0.0
0.0 0.0 0.0 0.0
0.0 0.0 0.0 0.0
0.0 0.0 0.0 0.0
0.0 0.0 0.0 0.0
0.0 0.0 0.0 0.0
0.0 0.0 0.0 0.0
0.0 0.0 0.0 0.0
0.0 0.0 0.0 0.0
0.0 0.0 0.0 0.0
0.0 0.0 0.0 0.0
0.0 0.0 0.0 0.0
0.0 0.0 0.0 0.0
0.0 0.0 0.0 0.0
0.0 0.0 0.0 0.0
0.0 0.0 0.0 0.0
0.0 0.0 0.0 0.0
0.0 0.0 0.0 0.0
0.0 0.0 0.0 0.0
0.0 0.0 0.0 0.0
0.0 0.0 0.0 0.0
0.0 0.0 0.0 0.04347339
0.0 0.0 0.0199 0.03610000000000001
0.0 0.0 0.0 0.0
0.0 0.0 0.0 0.0
0.0 0.0 0.0 0.046412999999999996
0.0 0.0 0.039900000000000005 0.0
0.0 0.0 0.0 0.0
0.0 0.0 0.0 0.025
0.0 0.0 0.0 0.0
0.0 0.0 0.0 0.0
0.0 0.0 0.0 0.0
0.0 0.0 0.0 0.0
0.0 0.0 0.0 0.0
0.0 0.0 0.0 0.0
0.0 0.0 0.0 0.0
0.0 0.0 0.0 0.0
0.0 0.0 0.0 0.0
0.0 0.0 0.0 0.0
0.0 0.0 0.0 0.0
0.0 0.0 0.0 0.0
0.0 0.0 0.0 0.0
0.0 0.0 0.0 0.0
0.0 0.0 0.0 0.0
0.0 0.0 0.0 0.0
0.0 0.0 0.0 0.0
0.0 0.0 0.0 0.0
0.0 0.0 0.0 0.0
0.0 0.0 0.0 0.0
0.0 0.0 0.0 0.0
0.0 0.0 0.0 0.0
0.0 0.0 0.0 0.0
0.0 0.0 0.0 0.0
0.0 0.0 0.0 0.0
0.0 0.0 0.0 0.0
0.0 0.0 0.0 0.0
0.0 0.0 0.0 0.0
0.0 0.0 0.0 0.0
0.0 0.0 0.0 0.0
0.0 0.0 0.0 0.0
0.0 0.0 0.0 0.0
0.0 0.0 0.018 0.07494341000000002
0.0 0.0 0.022610000000000005 0.0
0.0 0.0 0.0 0.023
0.0 0.0 0.0 0.0
0.0 0.0 0.0465213 0.06936530000000002
0.0 0.0 0.0241 0.0
0.0 0.0 0.0 0.0
0.0 0.0 0.0 0.026000000000000002
0.0 0.0 0.0 0.0
0.0 0.0 0.0 0.0
0.0 0.0 0.0 0.067359
0.0 0.0 0.0 0.0
0.0 0.0 0.0 0.0
0.0 0.0 0.0 0.0
0.0 0.0 0.0 0.0
0.0 0.0 0.0 0.0
0.0 0.0 0.0 0.0
0.0 0.0 0.0 0.0
0.0 0.0 0.0 0.0
0.0 0.0 0.0 0.0
0.0 0.0 0.0 0.0
0.0 0.0 0.0 0.0
0.0 0.0 0.0 0.0
0.0 0.0 0.0 0.0
0.0 0.0 0.0 0.0
0.0 0.0 0.0 0.0
0.0 0.0 0.0 0.0
0.0 0.0 0.0 0.0
0.0 0.0 0.0 0.0
0.0 0.0 0.0 0.0
0.0 0.0 0.0 0.0
0.0 0.0 0.0 0.0
0.0 0.0 0.0 0.0
0.0 0.0 0.0 0.0
0.0 0.0 0.0 0.0
0.0 0.0 0.0 0.0
0.0 0.0 0.0 0.0
0.0 0.0 0.0 0.0
0.0 0.0 0.0 0.0
0.0 0.0 0.0 0.03610000000000001
0.0 0.0 0.041629000000000006 0.022109000000000004
0.0 0.0 0.0 0.0
0.0 0.0 0.020000000000000004 0.0
0.0 0.0 0.0 0.0
0.0 0.0 0.07257123 0.0
0.0 0.0 0.025410000000000002 0.0754215
0.0 0.0 0.0 0.0
0.0 0.0 0.0 0.028000000000000004
0.0 0.0 0.0 0.0
0.0 0.0 0.0 0.0
0.0 0.0 0.05848999999999999 0.0719649
0.0 0.0 0.0 0.0
0.0 0.0 0.0 0.0
0.0 0.0 0.0 0.0
0.0 0.0 0.0 0.0
0.0 0.0 0.0 0.0
0.0 0.0 0.0 0.0
0.0 0.0 0.0 0.0
0.0 0.0 0.0 0.0
0.0 0.0 0.0 0.0
0.0 0.0 0.0 0.0
0.0 0.0 0.0 0.0
0.0 0.0 0.0 0.0
0.0 0.0 0.0 0.0
0.0 0.0 0.0 0.0
0.0 0.0 0.0 0.0
0.0 0.0 0.0 0.0
0.0 0.0 0.0 0.0
0.0 0.0 0.0 0.0
0.0 0.0 0.0 0.0
0.0 0.0 0.0 0.0
0.0 0.0 0.0 0.0
0.0 0.0 0.0 0.0
0.0 0.0 0.0 0.0
0.0 0.0 0.0 0.0
0.0 0.0 0.0 0.0
0.0 0.0 0.0 0.0
0.0 0.0 0.0 0.0
0.0 0.0 0.0 0.0
0.0 0.0 0.0 0.0
0.0 0.0 0.02109 0.021
0.0 0.0 0.020000000000000004 0.0
0.0 0.0 0.0 0.0
0.0 0.0 0.0 0.0
0.0 0.0 0.0 0.05015000000000001
0.0 0.0 0.07912065000000001 0.0
0.0 0.0 0.0 0.0
0.0 0.0 0.0 0.058199999999999995
0.0 0.0 0.0 0.0
0.0 0.0 0.0 0.0
0.0 0.0 0.064749 0.07803300000000002
0.0 0.0 0.0 0.0
0.0 0.0 0.0 0.0
0.0 0.0 0.0 0.0
0.0 0.0 0.0 0.0
0.0 0.0 0.0 0.0
0.0 0.0 0.0 0.0
0.0 0.0 0.0 0.0
0.0 0.0 0.0 0.0
0.0 0.0 0.0 0.0
0.0 0.0 0.0 0.0
0.0 0.0 0.0 0.0
0.0 0.0 0.0 0.0
0.0 0.0 0.0 0.0
0.0 0.0 0.0 0.0
0.0 0.0 0.0 0.0
0.0 0.0 0.0 0.0
0.0 0.0 0.0 0.0
0.0 0.0 0.0 0.0
0.0 0.0 0.0 0.0
0.0 0.0 0.0 0.0
0.0 0.0 0.0 0.0
0.0 0.0 0.0 0.0
0.0 0.0 0.0 0.0
0.0 0.0 0.0 0.0
0.0 0.0 0.0 0.0
0.0 0.0 0.0 0.0
0.0 0.0 0.0 0.0
0.0 0.0 0.0 0.0
0.0 0.0 0.0 0.021
0.0 0.0 0.0 0.044120000000000006
0.0 0.0 0.0 0.0
0.0 0.0 0.0 0.0
0.0 0.0 0.0 0.0
0.0 0.0 0.026500000000000003 0.026000000000000002
0.0 0.0 0.0 0.0
0.0 0.0 0.026000000000000002 0.0
0.0 0.0 0.030900000000000007 0.0622
0.0 0.0 0.0 0.0
0.0 0.0 0.0 0.0
0.0 0.0 0.06663000000000001 0.0416
0.0 0.0 0.0 0.0
0.0 0.0 0.0 0.0
0.0 0.0 0.0 0.0
0.0 0.0 0.0 0.11196
0.0 0.0 0.0 0.0
0.0 0.0 0.0 0.0
0.0 0.0 0.0 0.0
0.0 0.0 0.0 0.0
0.0 0.0 0.0 0.0
0.0 0.0 0.0 0.0
0.0 0.0 0.0 0.0
0.0 0.0 0.0 0.0
0.0 0.0 0.0 0.0
0.0 0.0 0.0 0.0
0.0 0.0 0.0 0.0
0.0 0.0 0.0 0.0
0.0 0.0 0.0 0.0
0.0 0.0 0.0 0.0
0.0 0.0 0.0 0.0
0.0 0.0 0.0 0.0
0.0 0.0 0.0 0.0
0.0 0.0 0.0 0.0
0.0 0.0 0.0 0.0
0.0 0.0 0.0 0.0
0.0 0.0 0.0 0.0
0.0 0.0 0.0 0.0
0.0 0.0 0.0 0.0
0.0 0.0 0.0 0.0
0.0 0.0 0.0 0.022000000000000002
0.0 0.0 0.046292 0.0
0.0 0.0 0.0 0.0
0.0 0.0 0.0 0.0
0.0 0.0 0.0 0.101297841
0.0 0.0 0.0 0.030850000000000006
0.0 0.0 0.0 0.09157019999999999
0.0 0.0 0.0 0.0
0.0 0.0 0.06411 0.033
0.0 0.0 0.0 0.0
0.0 0.0 0.0 0.0
0.0 0.0 0.036 0.0
0.0 0.0 0.0 0.09015000000000001
0.0 0.0 0.0 0.0
0.0 0.0 0.045000000000000005 0.0
0.0 0.0 0.05560000000000001 0.0
0.0 0.0 0.0 0.0
0.0 0.0 0.0 0.0
0.0 0.0 0.0 0.0
0.0 0.0 0.0 0.0
0.0 0.0 0.0 0.0
0.0 0.0 0.0 0.0
0.0 0.0 0.0 0.0
0.0 0.0 0.0 0.0
0.0 0.0 0.0 0.0
0.0 0.0 0.0 0.0
0.0 0.0 0.0 0.0
0.0 0.0 0.0 0.0
0.0 0.0 0.0 0.0
0.0 0.0 0.0 0.0
0.0 0.0 0.0 0.0
0.0 0.0 0.0 0.0
0.0 0.0 0.0 0.0
0.0 0.0 0.0 0.0
0.0 0.0 0.0 0.0
0.0 0.0 0.0 0.0
0.0 0.0 0.0 0.0
0.0 0.0 0.0 0.0
0.0 0.0 0.0 0.0
0.0 0.0 0.0 0.0
0.0 0.0 0.0 0.0
0.0 0.0 0.0 0.022000000000000002
0.0 0.0 0.0 0.0
0.0 0.0 0.024 0.024
0.0 0.0 0.055252510000000005 0.027901
0.0 0.0 0.026000000000000002 0.05415000000000001
0.0 0.0 0.08789902000000002 0.05978122000000001
0.0 0.0 0.0 0.05848999999999999
0.0 0.0 0.0343 0.0343
0.0 0.0 0.0 0.0366
0.0 0.0 0.0 0.0758906
0.0 0.0 0.0 0.0422
0.0 0.0 0.0465 0.0
0.0 0.0 0.045000000000000005 0.0
0.0 0.0 0.0 0.0
0.0 0.0 0.0 0.0
0.0 0.0 0.0 0.0
0.0 0.0 0.0 0.0
0.0 0.0 0.0 0.18663000000000002
0.0 0.0 0.0 0.0
0.0 0.0 0.0 0.28567700000000007
0.0 0.0 0.0 0.167
0.0 0.0 0.0 0.0
0.0 0.0 0.0 0.0
0.0 0.0 0.0 0.0
0.0 0.0 0.0 0.0
0.0 0.0 0.0 0.0
0.0 0.0 0.0 0.0
0.0 0.0 0.0 0.0
0.0 0.0 0.0 0.0
0.0 0.0 0.0 0.0
0.0 0.0 0.0 0.0
0.0 0.0 0.0 0.0
0.0 0.0 0.0 0.0
0.0 0.0 0.0 0.0
0.0 0.0 0.0 0.0
0.0 0.0 0.0 0.0
0.0 0.0 0.0 0.0
0.0 0.0 0.0 0.0
0.0 0.0 0.0 0.0
0.0 0.0 0.0 0.0
0.0 0.0 0.0 0.0
0.0 0.0 0.0 0.022000000000000002
0.0 0.0 0.0 0.0
0.0 0.0 0.0521901 0.05511900000000001
0.0 0.0 0.0 0.025
0.0 0.0 0.1225780938 0.026000000000000002
0.0 0.0 0.0339 0.031239000000000003
0.0 0.0 0.06613000000000001 0.0
0.0 0.0 0.036 0.0
0.0 0.0 0.041966 0.0366
0.0 0.0 0.042 0.036
0.0 0.0 0.0 0.0
0.0 0.0 0.05 0.047
0.0 0.0 0.0 0.0
0.0 0.0 0.0 0.0
0.0 0.0 0.0 0.0623
0.0 0.0 0.0 0.0
0.0 0.0 0.19930000000000003 0.071
0.0 0.0 0.0 0.083
0.0 0.0 0.49389070000000007 0.1
0.0 0.0 0.0 0.0
0.0 0.0 0.5 0.0
0.0 0.0 0.0 0.0
0.0 0.0 0.0 0.0
0.0 0.0 0.0 0.0
0.0 0.0 0.0 0.0
0.0 0.0 0.0 0.0
0.0 0.0 0.0 0.0
0.0 0.0 0.0 0.0
0.0 0.0 0.0 0.0
0.0 0.0 0.0 0.0
0.0 0.0 0.0 0.0
0.0 0.0 0.0 0.0
0.0 0.0 0.0 0.0
0.0 0.0 0.0 0.0
0.0 0.0 0.0 0.0
0.0 0.0 0.0 0.0
0.0 0.0 0.0 0.0
0.0 0.0 0.0 0.0
0.0 0.0 0.0 0.0
0.0 0.0 0.0 0.020000000000000004
0.0 0.0 0.0252 0.0
0.0 0.0 0.0 0.0
0.0 0.0 0.050100000000000006 0.023000000000000003
0.0 0.0 0.0 0.0
0.0 0.0 0.037420910200000004 0.0
0.0 0.0 0.032389999999999995 0.0
0.0 0.0 0.0 0.0
0.0 0.0 0.0 0.0
0.0 0.0 0.07206 0.0
0.0 0.0 0.0 0.10077030000000001
0.0 0.0 0.0 0.0
0.0 0.0 0.05 0.038000000000000006
0.0 0.0 0.0 0.0
0.0 0.0 0.0 0.0
0.0 0.0 0.063 0.05560000000000001
0.0 0.0 0.071 0.0
0.0 0.0 0.0 0.0
0.0 0.0 0.10830000000000001 0.0
0.0 0.0 0.14170000000000002 0.0
0.0 0.0 0.167 0.0
0.0 0.0 0.0 0.0
0.0 0.0 0.0 0.0
0.0 0.0 0.0 0.0
0.0 0.0 0.0 0.0
0.0 0.0 0.0 0.0
0.0 0.0 0.0 0.0
0.0 0.0 0.0 0.0
0.0 0.0 0.0 0.0
0.0 0.0 0.0 0.0
0.0 0.0 0.0 0.0
0.0 0.0 0.0 0.0
0.0 0.0 0.0 0.0
0.0 0.0 0.0 0.0
0.0 0.0 0.0 0.0
0.0 0.0 0.0 0.0
0.0 0.0 0.0 0.0
0.0 0.0 0.0 0.0
0.0 0.0 0.0 0.0
0.0 0.0 0.0 0.0
0.0 0.0 0.0 0.0
0.0 0.0 0.022000000000000002 0.0
0.0 0.0 0.0 0.0
0.0 0.0 0.0 0.022000000000000002
0.0 0.0 0.0 0.0
0.0 0.0 0.0 0.0
0.0 0.0 0.0 0.025
0.0 0.0 0.0 0.03132000000000001
0.0 0.0 0.031 0.0
0.0 0.0 0.0 0.0
0.0 0.0 0.07803300000000002 0.0
0.0 0.0 0.0 0.033
0.0 0.0 0.047 0.0
0.0 0.0 0.0 0.0
0.0 0.0 0.0 0.0
0.0 0.0 0.05600000000000001 0.05
0.0 0.0 0.0 0.0
0.0 0.0 0.0 0.243249657
0.0 0.0 0.0 0.08015406000000001
0.0 0.0 0.0 0.071
0.0 0.0 0.125 0.093
0.0 0.0 0.0 0.0
0.0 0.0 0.0 0.083
0.0 0.0 0.0 0.0
0.0 0.0 0.0 0.0
0.0 0.0 0.0 0.0
0.0 0.0 0.0 0.0
0.0 0.0 0.0 0.0
0.0 0.0 0.0 0.0
0.0 0.0 0.0 0.0
0.0 0.0 0.0 0.0
0.0 0.0 0.0 0.0
0.0 0.0 0.0 0.0
0.0 0.0 0.0 0.0
0.0 0.0 0.0 0.0
0.0 0.0 0.0 0.0
0.0 0.0 0.0 0.0
0.0 0.0 0.0 0.0
0.0 0.0 0.0 0.0
0.0 0.0 0.0 0.0
0.0 0.0 0.0 0.0
0.0 0.0 0.0 0.0
0.0 0.0 0.0 0.0
0.0 0.0 0.0 0.021
0.0 0.0 0.0 0.0
0.0 0.0 0.0 0.0
0.0 0.0 0.0 0.026500000000000003
0.0 0.0 0.07901200000000003 0.0
0.0 0.0 0.0 0.0
0.0 0.0 0.0 0.0
0.0 0.0 0.0 0.0
0.0 0.0 0.0 0.06251000000000001
0.0 0.0 0.0 0.0
0.0 0.0 0.0 0.0
0.0 0.0 0.0 0.0
0.0 0.0 0.10060000000000002 0.0
0.0 0.0 0.0 0.0
0.0 0.0 0.1888033 0.11256803300000001
0.0 0.0 0.071 0.17154060000000004
0.0 0.0 0.17119 0.063
0.0 0.0 0.1 0.0
0.0 0.0 0.0 0.1648
0.0 0.0 0.10830000000000001 0.0793
0.0 0.0 0.0 0.0
0.0 0.0 0.0 0.0
0.0 0.0 0.0 0.0
0.0 0.0 0.0 0.0
0.0 0.0 0.0 0.0
0.0 0.0 0.0 0.0
0.0 0.0 0.0 0.0
0.0 0.0 0.0 0.0
0.0 0.0 0.0 0.0
0.0 0.0 0.0 0.0
0.0 0.0 0.0 0.0
0.0 0.0 0.0 0.0
0.0 0.0 0.0 0.0
0.0 0.0 0.0 0.0
0.0 0.0 0.0 0.0
0.0 0.0 0.0 0.0
0.0 0.0 0.0 0.0
0.0 0.0 0.0 0.0
0.0 0.0 0.0 0.0
0.0 0.0 0.0 0.0
0.0 0.0 0.0 0.020000000000000004
0.0 0.0 0.0 0.0
0.0 0.0 0.0 0.024300000000000002
0.0 0.0 0.025 0.0
0.0 0.0 0.0 0.0
0.0 0.0 0.028000000000000004 0.0
0.0 0.0 0.0 0.0
0.0 0.0 0.0 0.0
0.0 0.0 0.0361 0.0
0.0 0.0 0.0 0.0
0.0 0.0 0.0 0.033
0.0 0.0 0.042 0.0
0.0 0.0 0.0 0.0
0.0 0.0 0.0 0.0
0.0 0.0 0.18763262700000005 0.09095000000000002
0.0 0.0 0.13606600000000002 0.0
0.0 0.0 0.0 0.05600000000000001
0.0 0.0 0.22493000000000002 0.0
0.0 0.0 0.0 0.15201900000000002
0.0 0.0 0.083 0.12593
0.0 0.0 0.0 0.0623
0.0 0.0 0.0 0.0
0.0 0.0 0.0 0.0
0.0 0.0 0.0 0.0
0.0 0.0 0.0 0.0
0.0 0.0 0.0 0.0
0.0 0.0 0.0 0.0
0.0 0.0 0.0 0.0
0.0 0.0 0.0 0.0
0.0 0.0 0.0 0.0
0.0 0.0 0.0 0.0
0.0 0.0 0.0 0.0
0.0 0.0 0.0 0.0
0.0 0.0 0.0 0.0
0.0 0.0 0.0 0.0
0.0 0.0 0.0 0.0
0.0 0.0 0.0 0.0
0.0 0.0 0.0 0.0
0.0 0.0 0.0 0.0
0.0 0.0 0.0 0.0
0.0 0.0 0.0 0.019000000000000003
0.0 0.0 0.0 0.0
0.0 0.0 0.023000000000000003 0.0
0.0 0.0 0.0 0.022000000000000002
0.0 0.0 0.025 0.0
0.0 0.0 0.0 0.0
0.0 0.0 0.0 0.0
0.0 0.0 0.0 0.0
0.0 0.0 0.0 0.0
0.0 0.0 0.0 0.0
0.0 0.0 0.0393 0.0
0.0 0.0 0.0 0.0
0.0 0.0 0.0 0.0
0.0 0.0 0.045000000000000005 0.0
0.0 0.0 0.05450000000000001 0.0
0.0 0.0 0.0 0.0
0.0 0.0 0.06860000000000001 0.0
0.0 0.0 0.15067 0.0
0.0 0.0 0.17119 0.0
0.0 0.0 0.0 0.1303267
0.0 0.0 0.063 0.05
0.0 0.0 0.0 0.045000000000000005
0.0 0.0 0.0 0.0
0.0 0.0 0.0 0.0
0.0 0.0 0.0 0.0
0.0 0.0 0.0 0.0
0.0 0.0 0.0 0.0
0.0 0.0 0.0 0.0
0.0 0.0 0.0 0.0
0.0 0.0 0.0 0.0
0.0 0.0 0.0 0.0
0.0 0.0 0.0 0.0
0.0 0.0 0.0 0.0
0.0 0.0 0.0 0.0
0.0 0.0 0.0 0.0
0.0 0.0 0.0 0.0
0.0 0.0 0.0 0.0
0.0 0.0 0.0 0.0
0.0 0.0 0.0 0.0
0.0 0.0 0.0 0.0
0.0 0.0 0.0 0.03610000000000001
0.0 0.0 0.021 0.0
0.0 0.0 0.0 0.0
0.0 0.0 0.0 0.0
0.0 0.0 0.024 0.0
0.0 0.0 0.0 0.0
0.0 0.0 0.0 0.0
0.0 0.0 0.0 0.0
0.0 0.0 0.0 0.0
0.0 0.0 0.0 0.0
0.0 0.0 0.0 0.0
0.0 0.0 0.0 0.0
0.0 0.0 0.0 0.0
0.0 0.0 0.0 0.0
0.0 0.0 0.0 0.0
0.0 0.0 0.0 0.0
0.0 0.0 0.0 0.0
0.0 0.0 0.0 0.0
0.0 0.0 0.0 0.0
0.0 0.0 0.24034297 0.0
0.0 0.0 0.0 0.045000000000000005
0.0 0.0 0.0 0.0
0.0 0.0 0.0 0.0
0.0 0.0 0.0 0.0
0.0 0.0 0.0 0.0
0.0 0.0 0.0 0.0
0.0 0.0 0.0 0.0
0.0 0.0 0.0 0.0
0.0 0.0 0.0 0.0
0.0 0.0 0.0 0.0
0.0 0.0 0.0 0.0
0.0 0.0 0.0 0.0
0.0 0.0 0.0 0.0
0.0 0.0 0.0 0.0
0.0 0.0 0.0 0.0
0.0 0.0 0.0 0.0
0.0 0.0 0.0 0.0
0.0 0.0 0.0 0.0
0.0 0.0 0.0 0.0
0.0 0.0 0.0 0.03427
0.0 0.0 0.022610000000000005 0.0
0.0 0.0 0.020000000000000004 0.0
0.0 0.0 0.0 0.0
0.0 0.0 0.0 0.0
0.0 0.0 0.0 0.0
0.0 0.0 0.0 0.0
0.0 0.0 0.0 0.0
0.0 0.0 0.0 0.0
0.0 0.0 0.0 0.0
0.0 0.0 0.0 0.0
0.0 0.0 0.0 0.0
0.0 0.0 0.0 0.0
0.0 0.0 0.0 0.0
0.0 0.0 0.0 0.0
0.0 0.0 0.0 0.0
0.0 0.0 0.0 0.0
0.0 0.0 0.0 0.0
0.0 0.0 0.0 0.0
0.0 0.0 0.0 0.0
0.0 0.0 0.068593 0.0
0.0 0.0 0.0 0.0
0.0 0.0 0.0 0.0
0.0 0.0 0.0 0.0
0.0 0.0 0.0 0.0
0.0 0.0 0.0 0.0
0.0 0.0 0.0 0.0
0.0 0.0 0.0 0.0
0.0 0.0 0.0 0.0
0.0 0.0 0.0 0.0
0.0 0.0 0.0 0.0
0.0 0.0 0.0 0.0
0.0 0.0 0.0 0.0
0.0 0.0 0.0 0.0
0.0 0.0 0.0 0.0
0.0 0.0 0.0 0.0
0.0 0.0 0.0 0.0
0.0 0.0 0.0 0.0
0.0 0.0 0.0 0.0
0.0 0.0 0.0 0.0
0.0 0.0 0.019700000000000002 0.017
0.0 0.0 0.0 0.0
0.0 0.0 0.0 0.0
0.0 0.0 0.020000000000000004 0.0
0.0 0.0 0.0 0.0
0.0 0.0 0.0 0.0
0.0 0.0 0.0 0.0
0.0 0.0 0.0 0.0
0.0 0.0 0.0 0.0
0.0 0.0 0.0 0.0
0.0 0.0 0.0 0.0
0.0 0.0 0.0 0.0
0.0 0.0 0.0 0.0
0.0 0.0 0.0 0.0
0.0 0.0 0.0 0.0
0.0 0.0 0.0 0.0
0.0 0.0 0.0 0.0
0.0 0.0 0.0 0.0
0.0 0.0 0.0 0.0
0.0 0.0 0.0 0.0
0.0 0.0 0.0 0.0
0.0 0.0 0.0 0.0
0.0 0.0 0.0 0.0
0.0 0.0 0.0 0.0
0.0 0.0 0.0 0.0
0.0 0.0 0.0 0.0
0.0 0.0 0.0 0.0
0.0 0.0 0.0 0.0
0.0 0.0 0.0 0.0
0.0 0.0 0.0 0.0
0.0 0.0 0.0 0.0
0.0 0.0 0.0 0.0
0.0 0.0 0.0 0.0
0.0 0.0 0.0 0.0
0.0 0.0 0.0 0.0
0.0 0.0 0.0 0.0
0.0 0.0 0.0 0.0
0.0 0.0 0.0 0.0
0.0 0.0 0.0 0.0
0.0 0.0 0.0 0.0
0.0 0.0 0.0 0.0
0.0 0.0 0.018 0.017
0.0 0.0 0.0 0.0
0.0 0.0 0.0 0.0
0.0 0.0 0.0 0.0
0.0 0.0 0.0 0.0
0.0 0.0 0.0 0.0
0.0 0.0 0.0 0.0
0.0 0.0 0.0 0.0
0.0 0.0 0.0 0.0
0.0 0.0 0.0 0.0
0.0 0.0 0.0 0.0
0.0 0.0 0.0 0.0
0.0 0.0 0.0 0.0
0.0 0.0 0.0 0.0
0.0 0.0 0.0 0.0
0.0 0.0 0.0 0.0
0.0 0.0 0.0 0.0
0.0 0.0 0.0 0.0
0.0 0.0 0.0 0.0
0.0 0.0 0.0 0.0
0.0 0.0 0.0 0.0
0.0 0.0 0.0 0.0
0.0 0.0 0.0 0.0
0.0 0.0 0.0 0.0
0.0 0.0 0.0 0.0
0.0 0.0 0.0 0.0
0.0 0.0 0.0 0.0
0.0 0.0 0.0 0.0
0.0 0.0 0.0 0.0
0.0 0.0 0.0 0.0
0.0 0.0 0.0 0.0
0.0 0.0 0.0 0.0
0.0 0.0 0.0 0.0
0.0 0.0 0.0 0.0
0.0 0.0 0.0 0.0
0.0 0.0 0.0 0.0
0.0 0.0 0.0 0.0
0.0 0.0 0.0 0.0
0.0 0.0 0.0 0.0
0.0 0.0 0.0 0.0
0.0 0.0 0.0 0.0
0.0 0.0 0.0 0.0
0.0 0.0 0.019000000000000003 0.0
0.0 0.0 0.0 0.0
0.0 0.0 0.0 0.0
0.0 0.0 0.0 0.0
0.0 0.0 0.0 0.0
0.0 0.0 0.0 0.0
0.0 0.0 0.0 0.0
0.0 0.0 0.0 0.0
0.0 0.0 0.0 0.0
0.0 0.0 0.0 0.0
0.0 0.0 0.0 0.0
0.0 0.0 0.0 0.0
0.0 0.0 0.0 0.0
0.0 0.0 0.0 0.0
0.0 0.0 0.0 0.0
0.0 0.0 0.0 0.0
0.0 0.0 0.0 0.0
0.0 0.0 0.0 0.0
0.0 0.0 0.0 0.0
0.0 0.0 0.0 0.0
0.0 0.0 0.0 0.0
0.0 0.0 0.0 0.0
0.0 0.0 0.0 0.0
0.0 0.0 0.0 0.0
0.0 0.0 0.0 0.0
0.0 0.0 0.0 0.0
0.0 0.0 0.0 0.0
0.0 0.0 0.0 0.0
0.0 0.0 0.0 0.0
0.0 0.0 0.0 0.0
0.0 0.0 0.0 0.0
0.0 0.0 0.0 0.0
0.0 0.0 0.0 0.0
0.0 0.0 0.0 0.0
0.0 0.0 0.0 0.0
0.0 0.0 0.0 0.0
0.0 0.0 0.0 0.0
0.0 0.0 0.0 0.0
0.0 0.0 0.0 0.0
0.0 0.0 0.0 0.0
0.0 0.0 0.0 0.0
0.0 0.0 0.0 0.0
0.0 0.0 0.0 0.0
0.0 0.0 0.0 0.0
0.0 0.0 0.0 0.0
0.0 0.0 0.0 0.0
0.0 0.0 0.0 0.0
0.0 0.0 0.0 0.0
0.0 0.0 0.0 0.0
0.0 0.0 0.0 0.0
0.0 0.0 0.0 0.0
0.0 0.0 0.0 0.0
0.0 0.0 0.0 0.0
0.0 0.0 0.0 0.0
0.0 0.0 0.0 0.0
0.0 0.0 0.0 0.0
0.0 0.0 0.0 0.0
0.0 0.0 0.0 0.0
0.0 0.0 0.0 0.0
0.0 0.0 0.0 0.0
0.0 0.0 0.0 0.0
0.0 0.0 0.0 0.0
0.0 0.0 0.0 0.0
0.0 0.0 0.0 0.0
0.0 0.0 0.0 0.0
0.0 0.0 0.0 0.0
0.0 0.0 0.0 0.0
0.0 0.0 0.0 0.0
0.0 0.0 0.0 0.0
0.0 0.0 0.0 0.0
0.0 0.0 0.0 0.0
0.0 0.0 0.0 0.0
0.0 0.0 0.0 0.0
0.0 0.0 0.0 0.0
0.0 0.0 0.0 0.0
0.0 0.0 0.0 0.0
0.0 0.0 0.0 0.0
0.0 0.0 0.0 0.0
0.0 0.0 0.0 0.0
0.0 0.0 0.0 0.0
0.0 0.0 0.0 0.0
0.0 0.0 0.0 0.0
0.0 0.0 0.0 0.0
0.0 0.0 0.0 0.0
0.0 0.0 0.0 0.0
0.0 0.0 0.0 0.0
0.0 0.0 0.0 0.0
0.0 0.0 0.0 0.0
0.0 0.0 0.0 0.0
0.0 0.0 0.0 0.0
0.0 0.0 0.0 0.0
0.0 0.0 0.0 0.0
0.0 0.0 0.0 0.0
0.0 0.0 0.0 0.0
0.0 0.0 0.0 0.0
0.0 0.0 0.0 0.0
0.0 0.0 0.0 0.0
0.0 0.0 0.0 0.0
0.0 0.0 0.0 0.0
0.0 0.0 0.0 0.0
0.0 0.0 0.0 0.0
0.0 0.0 0.0 0.0
0.0 0.0 0.0 0.0
0.0 0.0 0.0 0.0
0.0 0.0 0.0 0.0
0.0 0.0 0.0 0.0
0.0 0.0 0.0 0.0
0.0 0.0 0.0 0.0
0.0 0.0 0.0 0.0
0.0 0.0 0.0 0.0
0.0 0.0 0.0 0.0
0.0 0.0 0.0 0.0
0.0 0.0 0.0 0.0
0.0 0.0 0.0 0.0
0.0 0.0 0.0 0.0
0.0 0.0 0.0 0.0
0.0 0.0 0.0 0.0
0.0 0.0 0.0 0.0
0.0 0.0 0.0 0.0
0.0 0.0 0.0 0.0
0.0 0.0 0.0 0.0
0.0 0.0 0.0 0.0
0.0 0.0 0.0 0.0
0.0 0.0 0.0 0.0
0.0 0.0 0.0 0.0
0.0 0.0 0.0 0.0
0.0 0.0 0.0 0.0
0.0 0.0 0.0 0.0
0.0 0.0 0.0 0.0
0.0 0.0 0.0 0.0
0.0 0.0 0.0 0.0
0.0 0.0 0.0 0.0
0.0 0.0 0.0 0.0
0.0 0.0 0.0 0.0
0.0 0.0 0.0 0.0
0.0 0.0 0.0 0.0
0.0 0.0 0.0 0.0
0.0 0.0 0.0 0.0
0.0 0.0 0.0 0.0
0.0 0.0 0.0 0.0
0.0 0.0 0.0 0.0
0.0 0.0 0.0 0.0
0.0 0.0 0.0 0.0
0.0 0.0 0.0 0.0
0.0 0.0 0.0 0.0
0.0 0.0 0.0 0.0
0.0 0.0 0.0 0.0
0.0 0.0 0.0 0.0
0.0 0.0 0.0 0.0
0.0 0.0 0.0 0.0
0.0 0.0 0.0 0.0
0.0 0.0 0.0 0.0
0.0 0.0 0.0 0.0
0.0 0.0 0.0 0.0
0.0 0.0 0.0 0.0
0.0 0.0 0.0 0.0
0.0 0.0 0.0 0.0
0.0 0.0 0.0 0.0
0.0 0.0 0.0 0.0
0.0 0.0 0.0 0.0
0.0 0.0 0.0 0.0
0.0 0.0 0.0 0.0
0.0 0.0 0.0 0.0
0.0 0.0 0.0 0.0
0.0 0.0 0.0 0.0
0.0 0.0 0.0 0.0
0.0 0.0 0.0 0.0
0.0 0.0 0.0 0.0
0.0 0.0 0.0 0.0
0.0 0.0 0.0 0.0
0.0 0.0 0.0 0.0
0.0 0.0 0.0 0.0
0.0 0.0 0.0 0.0
0.0 0.0 0.0 0.0
0.0 0.0 0.0 0.0
0.0 0.0 0.0 0.0
0.0 0.0 0.0 0.0
0.0 0.0 0.0 0.0
0.0 0.0 0.0 0.0
0.0 0.0 0.0 0.0
0.0 0.0 0.0 0.0
0.0 0.0 0.0 0.0
0.0 0.0 0.0 0.0
0.0 0.0 0.0 0.0
0.0 0.0 0.0 0.0
0.0 0.0 0.0 0.0
0.0 0.0 0.0 0.0
0.0 0.0 0.0 0.0
0.0 0.0 0.0 0.0
0.0 0.0 0.0 0.0
0.0 0.0 0.0 0.0
0.0 0.0 0.0 0.0
