0.0 0.0 0.0 3.24981604157347
0.0 0.0 0.0 2.352374060093119
0.0 0.0 0.0 2.4085055016302097
0.0 0.0 0.0 3.83847237643732
0.0 0.0 0.0 2.7689747994740364
0.0 0.0 0.0 4.102951875872304
0.0 0.0 0.0 2.24043474609375
0.0 0.0 0.0 0.5
0.0 0.0 0.0 3.9253370200221678
0.0 0.0 0.0 1.4839398708947185
0.0 0.0 0.0 0.0
0.0 0.0 0.0 0.5
0.0 0.0 0.0 0.0
0.0 0.0 0.0 0.75
0.0 0.0 0.0 0.0
0.0 0.0 0.0 0.0
0.0 0.0 0.0 0.5
0.0 0.0 0.0 0.0
0.0 0.0 0.0 0.0
0.0 0.0 0.0 0.2
0.0 0.0 0.0 0.118
0.0 0.0 0.0 0.0
0.0 0.0 0.0 0.1
0.0 0.0 0.0 0.19995580000000002
0.0 0.0 0.0 0.42511335256306904
0.0 0.0 0.0 0.4301525290789001
0.0 0.0 0.0 0.10900000000000001
0.0 0.0 0.0 0.23302
0.0 0.0 0.0 0.2
0.0 0.0 0.0 0.24537412
0.0 0.0 0.0 0.1
0.0 0.0 0.0 0.11710000000000001
0.0 0.0 0.0 0.0
0.0 0.0 0.0 0.2896390000000001
0.0 0.0 0.0 0.22483090000000003
0.0 0.0 0.0 0.1
0.0 0.0 0.0 0.22249000000000002
0.0 0.0 0.0 0.1252
0.0 0.0 0.0 0.20710000000000003
0.0 0.0 0.0 3.002236812157374
0.0 0.0 2.7660961351656517 3.6003740096951584
0.0 0.0 1.3282946812842056 3.5127325049646108
0.0 0.0 2.4624599790303305 2.864051908005385
0.0 0.0 3.8243841989661136 3.4884348987821214
0.0 0.0 1.6765894834643433 3.6203791024259093
0.0 0.0 3.5531479610349734 4.175634416281493
0.0 0.0 2.5338891404843755 2.3561743964985267
0.0 0.0 0.0 2.99271733596875
0.0 0.0 3.9323696751757753 0.5
0.0 0.0 0.5 1.9310054980262144
0.0 0.0 0.6000000000000001 0.0
0.0 0.0 0.0 0.0
0.0 0.0 0.5 1.823125546875
0.0 0.0 0.0 0.0
0.0 0.0 0.75 1.7050671875
0.0 0.0 0.0 0.725
0.0 0.0 0.0 0.0
0.0 0.0 0.0 0.0
0.0 0.0 0.0 0.0
0.0 0.0 0.0 0.0
0.0 0.0 0.2 0.1
0.0 0.0 0.1 0.0
0.0 0.0 0.10900000000000001 0.225677269
0.0 0.0 0.10900000000000001 0.22052980000000003
0.0 0.0 0.4967083039513663 0.0
0.0 0.0 0.3901787442100001 0.10900000000000001
0.0 0.0 0.19981000000000004 0.5028850137798165
0.0 0.0 0.0 0.38620000000000004
0.0 0.0 0.0 0.3395116
0.0 0.0 0.5262060545200001 0.11062000000000001
0.0 0.0 0.0 0.0
0.0 0.0 0.19 0.0
0.0 0.0 0.1 0.10900000000000001
0.0 0.0 0.10900000000000001 0.0
0.0 0.0 0.10981000000000002 0.29701
0.0 0.0 0.10900000000000001 0.1
0.0 0.0 0.19 0.1
0.0 0.0 0.3632680000000001 0.0
0.0 0.0 0.1 0.0
0.0 0.0 3.0383939887082514 2.1805240806345965
0.0 0.0 3.1088511211863104 3.6780859384485716
0.0 0.0 3.4618226024768375 2.936391324107818
0.0 0.0 2.8191861045746935 2.7334182181667495
0.0 0.0 4.083793479471343 3.884976380043014
0.0 0.0 3.604129576949819 2.9140520835004495
0.0 0.0 4.279109635072628 3.2824075785361884
0.0 0.0 2.1757473243921877 3.2810358287530117
0.0 0.0 2.439030542578125 2.9598665281629333
0.0 0.0 1.0875 1.42584375
0.0 0.0 1.4839398708947185 3.1867250318658003
0.0 0.0 0.5 0.0
0.0 0.0 0.5 0.0
0.0 0.0 0.942940625 1.8465984375
0.0 0.0 0.5 0.0
0.0 0.0 1.42584375 1.07625
0.0 0.0 0.5 0.0
0.0 0.0 0.0 0.0
0.0 0.0 0.0 0.0
0.0 0.0 0.0 0.0
0.0 0.0 0.0 0.0
0.0 0.0 0.0 0.0
0.0 0.0 0.2 0.0
0.0 0.0 0.21993193252 0.20863900000000002
0.0 0.0 0.19995580000000002 0.23302
0.0 0.0 0.1179829 0.23072851000000003
0.0 0.0 0.1 0.12124
0.0 0.0 0.5238621352911286 0.118
0.0 0.0 0.0 0.29062000000000004
0.0 0.0 0.30124 0.39235600000000004
0.0 0.0 0.23889412 0.118
0.0 0.0 0.2 0.1
0.0 0.0 0.10900000000000001 0.0
0.0 0.0 0.10981000000000002 0.1
0.0 0.0 0.0 0.0
0.0 0.0 0.0 0.199
0.0 0.0 0.0 0.0
0.0 0.0 0.20710000000000003 0.0
0.0 0.0 0.46558000000000005 0.10900000000000001
0.0 0.0 0.0 0.0
0.0 0.0 2.404351797594336 1.8542326871410213
0.0 0.0 3.571899249790102 3.5144423675657053
0.0 0.0 3.037840683855712 3.123396118904009
0.0 0.0 2.9979715113223215 1.9600224278252294
0.0 0.0 4.237259676906248 1.4843405669052583
0.0 0.0 3.500865271660677 2.7348831980114308
0.0 0.0 3.615601276607344 3.5630835359422623
0.0 0.0 3.0763156348968987 3.47477353332975
0.0 0.0 3.0672817202810396 2.693729521245634
0.0 0.0 1.3176518750000001 1.6301243379600003
0.0 0.0 3.3991168591894874 2.897110427503418
0.0 0.0 0.0 0.40248000000000006
0.0 0.0 0.0 0.0
0.0 0.0 2.069203671875 0.0
0.0 0.0 0.5 0.5
0.0 0.0 1.5041296875 0.0
0.0 0.0 0.0 0.0
0.0 0.0 0.0 0.0
0.0 0.0 0.0 0.0
0.0 0.0 0.0 0.0
0.0 0.0 0.0 0.0
0.0 0.0 0.0 0.0
0.0 0.0 0.2 0.1
0.0 0.0 0.20710000000000003 0.1252
0.0 0.0 0.12097180000000002 0.29800000000000004
0.0 0.0 0.28153900000000004 0.118
0.0 0.0 0.1 0.3395116
0.0 0.0 0.1 0.2
0.0 0.0 0.2323558 0.1
0.0 0.0 0.236 0.118
0.0 0.0 0.29062000000000004 0.0
0.0 0.0 0.0 0.19981000000000004
0.0 0.0 0.19 0.2
0.0 0.0 0.0 0.0
0.0 0.0 0.28 0.118
0.0 0.0 0.0 0.19
0.0 0.0 0.0 0.0
0.0 0.0 0.0 0.0
0.0 0.0 0.13475800000000002 0.1
0.0 0.0 0.1 0.2
0.0 0.0 2.0018017354927755 1.143038678366553
0.0 0.0 3.435168026343424 2.7956836919402646
0.0 0.0 3.068034923348496 1.7216916753471632
0.0 0.0 2.1456740286544496 1.3861149880953443
0.0 0.0 3.305961915788226 0.67824
0.0 0.0 3.024181818042987 0.5219417668185503
0.0 0.0 3.728462088713968 2.574923617065493
0.0 0.0 3.486613415945735 1.6660703580672005
0.0 0.0 3.2015509646695466 1.4250044609531796
0.0 0.0 1.5794402384328006 0.41344386372522274
0.0 0.0 2.6742342470996094 1.07625
0.0 0.0 0.236 0.24248
0.0 0.0 0.0 0.0
0.0 0.0 0.0 0.0
0.0 0.0 0.725 0.0
0.0 0.0 0.0 0.0
0.0 0.0 0.0 0.0
0.0 0.0 0.0 0.0
0.0 0.0 0.0 0.0
0.0 0.0 0.0 0.0
0.0 0.0 0.0 0.0
0.0 0.0 0.1 0.0
0.0 0.0 0.0 0.0
0.0 0.0 0.28 0.11062000000000001
0.0 0.0 0.0 0.401672044
0.0 0.0 0.2 0.118
0.0 0.0 0.401672044 0.111197368
0.0 0.0 0.118 0.0
0.0 0.0 0.0 0.1
0.0 0.0 0.2 0.2242
0.0 0.0 0.1261558 0.0
0.0 0.0 0.10900000000000001 0.0
0.0 0.0 0.118 0.0
0.0 0.0 0.19 0.0
0.0 0.0 0.2 0.1
0.0 0.0 0.0 0.0
0.0 0.0 0.0 0.118
0.0 0.0 0.28 0.0
0.0 0.0 0.10900000000000001 0.1
0.0 0.0 0.0 0.118
0.0 0.0 1.4943306899889013 0.9158424277455158
0.0 0.0 3.382920337491066 0.9636015088684406
0.0 0.0 1.415464873662157 1.8456036992849194
0.0 0.0 2.1507462417395016 0.5600695608383717
0.0 0.0 0.7353783099649887 0.36000000000000004
0.0 0.0 1.788565371214168 0.35649128
0.0 0.0 3.007581960559814 1.3042041118125
0.0 0.0 0.7851030499487539 1.2799003377305604
0.0 0.0 2.8881508713177415 0.0
0.0 0.0 1.1857992429179043 0.6426679500000001
0.0 0.0 1.3468125 0.0
0.0 0.0 0.0 0.6778986233600001
0.0 0.0 0.0 0.8869057932800001
0.0 0.0 0.0 0.236
0.0 0.0 0.0 0.236
0.0 0.0 0.0 0.236
0.0 0.0 0.0 0.0
0.0 0.0 0.0 0.0
0.0 0.0 0.0 0.0
0.0 0.0 0.0 0.0
0.0 0.0 0.0 0.0
0.0 0.0 0.1 0.2
0.0 0.0 0.0 0.1
0.0 0.0 0.0 0.33709204000000004
0.0 0.0 0.3395116 0.0
0.0 0.0 0.118 0.40085200000000004
0.0 0.0 0.12711160000000002 0.12441520000000002
0.0 0.0 0.1 0.3173824
0.0 0.0 0.0 0.1
0.0 0.0 0.30017800000000006 0.1
0.0 0.0 0.19 0.0
0.0 0.0 0.0 0.0
0.0 0.0 0.0 0.118
0.0 0.0 0.1 0.2
0.0 0.0 0.0 0.1
0.0 0.0 0.0 0.0
0.0 0.0 0.2 0.230356
0.0 0.0 0.1252 0.0
0.0 0.0 0.0 0.0
0.0 0.0 0.0 0.28
0.0 0.0 1.0706678142952244 0.46639583920000005
0.0 0.0 1.7817766500746701 0.42012580511587505
0.0 0.0 1.7570153286405346 1.3120156904085403
0.0 0.0 1.072104068649633 0.5985469878242482
0.0 0.0 0.0 0.0
0.0 0.0 0.5219417668185503 1.2224460421760002
0.0 0.0 2.1087874519753043 1.07625
0.0 0.0 0.9159193233920002 0.0
0.0 0.0 1.5883338602740509 0.877564222360547
0.0 0.0 0.9641075000000001 0.9482866830000002
0.0 0.0 0.44242625 0.40248000000000006
0.0 0.0 0.605008352 0.40248000000000006
0.0 0.0 0.46575072000000006 0.42479999999999996
0.0 0.0 0.40248000000000006 0.2
0.0 0.0 0.2 0.46124640000000006
0.0 0.0 0.2 0.40248000000000006
0.0 0.0 0.0 0.0
0.0 0.0 0.0 0.0
0.0 0.0 0.0 0.0
0.0 0.0 0.0 0.0
0.0 0.0 0.1 0.0
0.0 0.0 0.0 0.2
0.0 0.0 0.10900000000000001 0.0
0.0 0.0 0.2392365232 0.40085200000000004
0.0 0.0 0.4452400000000001 0.29432
0.0 0.0 0.12711160000000002 0.3304
0.0 0.0 0.2 0.5960769778720001
0.0 0.0 0.41536 0.6212460236261681
0.0 0.0 0.0 0.1
0.0 0.0 0.0 0.118
0.0 0.0 0.1 0.0
0.0 0.0 0.19 0.0
0.0 0.0 0.0 0.28
0.0 0.0 0.118 0.0
0.0 0.0 0.10900000000000001 0.2333116
0.0 0.0 0.0 0.0
0.0 0.0 0.236 0.0
0.0 0.0 0.2 0.13564
0.0 0.0 0.0 0.4281133600000001
0.0 0.0 0.0 0.0
0.0 0.0 0.6178333031497647 0.6690248767360001
0.0 0.0 0.3340322506437501 0.0
0.0 0.0 1.5173362586287582 0.0
0.0 0.0 0.392978732356934 0.8545378659840001
0.0 0.0 0.48800000000000004 0.0
0.0 0.0 0.6746183712 1.0030867232
0.0 0.0 1.8203051913555548 0.41284873950500006
0.0 0.0 0.5 1.1619489120000002
0.0 0.0 0.745509328273293 0.773286336
0.0 0.0 1.1252348300000001 0.40539600000000003
0.0 0.0 0.46124640000000006 0.0
0.0 0.0 0.27244640000000003 0.44308863360000006
0.0 0.0 0.6389032332800001 0.684022706048
0.0 0.0 0.0 0.236
0.0 0.0 0.40248000000000006 0.0
0.0 0.0 0.46124640000000006 0.0
0.0 0.0 0.0 0.1
0.0 0.0 0.0 0.0
0.0 0.0 0.0 0.0
0.0 0.0 0.0 0.0
0.0 0.0 0.0 0.0
0.0 0.0 0.118 0.2
0.0 0.0 0.0 0.0
0.0 0.0 0.0 0.42523624000000004
0.0 0.0 0.803695456 0.27128
0.0 0.0 0.0 0.2
0.0 0.0 0.6717809168084801 0.2242
0.0 0.0 0.6227540919352001 0.2
0.0 0.0 0.0 0.0
0.0 0.0 0.1 0.28
0.0 0.0 0.0 0.1
0.0 0.0 0.199 0.118
0.0 0.0 0.0 0.0
0.0 0.0 0.20062000000000002 0.0
0.0 0.0 0.0 0.30124
0.0 0.0 0.0 0.24248
0.0 0.0 0.2 0.0
0.0 0.0 0.5449600000000001 0.12124
0.0 0.0 0.118 0.48347200000000007
0.0 0.0 0.0 0.0
0.0 0.0 0.5869650862662401 0.48347200000000007
0.0 0.0 0.0 0.0
0.0 0.0 0.4731205265531765 0.236
0.0 0.0 0.449574336 0.61840352
0.0 0.0 0.28784000000000004 0.2
0.0 0.0 0.8516326021760001 0.236
0.0 0.0 1.4251571740500004 0.524
0.0 0.0 1.0691384 0.0
0.0 0.0 0.436464 0.0
0.0 0.0 0.8797968 0.0
0.0 0.0 0.0 0.50825952
0.0 0.0 0.43975595404800005 0.5744547060480001
0.0 0.0 0.5670046475827201 0.605008352
0.0 0.0 0.0 0.5528
0.0 0.0 0.2 0.0
0.0 0.0 0.0 0.236
0.0 0.0 0.0 0.0
0.0 0.0 0.0 0.0
0.0 0.0 0.0 0.0
0.0 0.0 0.0 0.19981000000000004
0.0 0.0 0.0 0.0
0.0 0.0 0.118 0.12124
0.0 0.0 0.1 0.2
0.0 0.0 0.309736 0.118
0.0 0.0 0.5816000000000001 0.0
0.0 0.0 0.118 0.3632680000000001
0.0 0.0 0.31564000000000003 0.127756684
0.0 0.0 0.12124 0.2
0.0 0.0 0.2 0.1
0.0 0.0 0.0 0.12682000000000002
0.0 0.0 0.20710000000000003 0.0
0.0 0.0 0.29062000000000004 0.0
0.0 0.0 0.0 0.11062000000000001
0.0 0.0 0.0 0.0
0.0 0.0 0.236 0.1
0.0 0.0 0.0 0.236
0.0 0.0 0.29800000000000004 0.0
0.0 0.0 0.34804 0.2661133600000001
0.0 0.0 0.236 0.12711160000000002
0.0 0.0 0.2 0.0
0.0 0.0 0.35591248000000003 0.2
0.0 0.0 0.0 0.43128
0.0 0.0 0.40248000000000006 0.24904035200000002
0.0 0.0 0.436464 0.2
0.0 0.0 0.0 0.2
0.0 0.0 0.58196 0.2
0.0 0.0 0.0 0.44527110900480005
0.0 0.0 0.0 0.236
0.0 0.0 0.0 0.0
0.0 0.0 0.48554640000000004 0.236
0.0 0.0 0.7200179136 0.605492709041664
0.0 0.0 0.30340184708864004 0.9224641139686403
0.0 0.0 0.6778986233600001 0.0
0.0 0.0 0.0 0.2
0.0 0.0 0.2 0.5644640000000001
0.0 0.0 0.2 0.0
0.0 0.0 0.0 0.0
0.0 0.0 0.0 0.0
0.0 0.0 0.0 0.0
0.0 0.0 0.10900000000000001 0.0
0.0 0.0 0.0 0.1
0.0 0.0 0.1109116 0.236
0.0 0.0 0.118 0.0
0.0 0.0 0.29800000000000004 0.0
0.0 0.0 0.3323440000000001 0.0
0.0 0.0 0.1252 0.0
0.0 0.0 0.3084076 0.0
0.0 0.0 0.118 0.0
0.0 0.0 0.0 0.1
0.0 0.0 0.1 0.38620000000000004
0.0 0.0 0.10981000000000002 0.0
0.0 0.0 0.118 0.0
0.0 0.0 0.0 0.34354252198
0.0 0.0 0.0 0.2
0.0 0.0 0.0 0.118
0.0 0.0 0.2 0.0
0.0 0.0 0.29800000000000004 0.27244640000000003
0.0 0.0 0.0 0.48347200000000007
0.0 0.0 0.30124 0.13240000000000002
0.0 0.0 0.0 0.2
0.0 0.0 0.12124 0.0
0.0 0.0 0.43763040000000003 0.46124640000000006
0.0 0.0 0.44068907404800006 0.27244640000000003
0.0 0.0 0.236 0.236
0.0 0.0 0.0 0.2
0.0 0.0 0.0 0.27856352
0.0 0.0 0.42479999999999996 0.47372838336
0.0 0.0 0.2 0.29810214020864007
0.0 0.0 0.0 0.46124640000000006
0.0 0.0 0.6093823520000001 0.2
0.0 0.0 0.8467258040064001 1.0065837518872474
0.0 0.0 0.7254947060480001 0.236
0.0 0.0 0.0 0.7200179136
0.0 0.0 0.0 0.2
0.0 0.0 0.236 0.236
0.0 0.0 0.2 0.2
0.0 0.0 0.0 0.0
0.0 0.0 0.0 0.0
0.0 0.0 0.0 0.0
0.0 0.0 0.0 0.0
0.0 0.0 0.0 0.0
0.0 0.0 0.2 0.2
0.0 0.0 0.0 0.118
0.0 0.0 0.118 0.0
0.0 0.0 0.0 0.0
0.0 0.0 0.1 0.0
0.0 0.0 0.0 0.2
0.0 0.0 0.2 0.118
0.0 0.0 0.10900000000000001 0.0
0.0 0.0 0.0 0.2
0.0 0.0 0.1 0.19
0.0 0.0 0.0 0.0
0.0 0.0 0.4751418467782001 0.0
0.0 0.0 0.118 0.0
0.0 0.0 0.2 0.12124
0.0 0.0 0.3304 0.2
0.0 0.0 0.0 0.40248000000000006
0.0 0.0 0.236 0.0
0.0 0.0 0.36000000000000004 0.339472
0.0 0.0 0.0 0.0
0.0 0.0 0.1 0.40248000000000006
0.0 0.0 0.605008352 0.26480000000000004
0.0 0.0 0.24904035200000002 0.6972759290588673
0.0 0.0 0.0 0.40248000000000006
0.0 0.0 0.236 1.0045554700629558
0.0 0.0 0.0 0.6901980423680001
0.0 0.0 0.6355433906048 0.2
0.0 0.0 0.41365838523755527 0.5450118900480001
0.0 0.0 0.40248000000000006 0.27784035200000007
0.0 0.0 0.27244640000000003 0.5644640000000001
0.0 0.0 1.0497589158251521 0.24248
0.0 0.0 0.0 0.2
0.0 0.0 0.50825952 0.2
0.0 0.0 0.236 0.0
0.0 0.0 0.2 0.2
0.0 0.0 0.0 0.0
0.0 0.0 0.0 0.2
0.0 0.0 0.0 0.0
0.0 0.0 0.0 0.0
0.0 0.0 0.0 0.0
0.0 0.0 0.2 0.0
0.0 0.0 0.0 0.1
0.0 0.0 0.2 0.0
0.0 0.0 0.0 0.0
0.0 0.0 0.1 0.0
0.0 0.0 0.0 0.0
0.0 0.0 0.118 0.0
0.0 0.0 0.2 0.0
0.0 0.0 0.1 0.0
0.0 0.0 0.0 0.0
0.0 0.0 0.0 0.1
0.0 0.0 0.0 0.0
0.0 0.0 0.31442230198000004 0.0
0.0 0.0 0.1 0.0
0.0 0.0 0.236 0.0
0.0 0.0 0.0 0.2
0.0 0.0 0.46124640000000006 0.0
0.0 0.0 0.0 0.118
0.0 0.0 0.236 0.0
0.0 0.0 0.2 0.0
0.0 0.0 0.3486232 0.0
0.0 0.0 0.5604464 0.2
0.0 0.0 0.236 0.9738440503270401
0.0 0.0 0.6414435200000002 0.0
0.0 0.0 1.0907431980296234 0.52685862336
0.0 0.0 0.42479999999999996 0.7834824576
0.0 0.0 0.31439781030886405 0.236
0.0 0.0 0.396 0.9357470538991156
0.0 0.0 0.6184035200000001 0.0
0.0 0.0 0.236 0.2
0.0 0.0 0.5489566048485275 0.236
0.0 0.0 0.0 0.2
0.0 0.0 0.2914867136 0.0
0.0 0.0 0.0 0.0
0.0 0.0 0.236 0.2
0.0 0.0 0.0 0.0
0.0 0.0 0.0 0.2
0.0 0.0 0.0 0.0
0.0 0.0 0.0 0.0
0.0 0.0 0.0 0.0
0.0 0.0 0.2 0.1
0.0 0.0 0.0 0.1
0.0 0.0 0.0 0.0
0.0 0.0 0.0 0.0
0.0 0.0 0.0 0.0
0.0 0.0 0.0 0.0
0.0 0.0 0.1 0.0
0.0 0.0 0.0 0.0
0.0 0.0 0.0 0.0
0.0 0.0 0.0 0.1
0.0 0.0 0.0 0.0
0.0 0.0 0.0 0.0
0.0 0.0 0.0 0.10900000000000001
0.0 0.0 0.10900000000000001 0.0
0.0 0.0 0.0 0.0
0.0 0.0 0.0 0.0
0.0 0.0 0.0 0.2
0.0 0.0 0.0 0.2
0.0 0.0 0.2 0.1
0.0 0.0 0.0 0.0
0.0 0.0 0.12124 0.0
0.0 0.0 0.42479999999999996 0.605008352
0.0 0.0 0.9052022210268673 0.6046400000000001
0.0 0.0 0.436464 0.652454336
0.0 0.0 0.28302435200000003 0.605008352
0.0 0.0 0.7391350023680001 0.0
0.0 0.0 0.436464 0.2
0.0 0.0 0.751692734084864 0.42479999999999996
0.0 0.0 0.236 0.2436464
0.0 0.0 0.24248 0.0
0.0 0.0 0.40248000000000006 0.0
0.0 0.0 0.0 0.0
0.0 0.0 0.0 0.0
0.0 0.0 0.0 0.0
0.0 0.0 0.236 0.0
0.0 0.0 0.0 0.0
0.0 0.0 0.0 0.0
0.0 0.0 0.2 0.0
0.0 0.0 0.0 0.0
0.0 0.0 0.0 0.0
0.0 0.0 0.0 0.1
0.0 0.0 0.10900000000000001 0.0
0.0 0.0 0.0 0.0
0.0 0.0 0.0 0.0
0.0 0.0 0.0 0.0
0.0 0.0 0.0 0.0
0.0 0.0 0.0 0.0
0.0 0.0 0.0 0.0
0.0 0.0 0.1 0.0
0.0 0.0 0.0 0.0
0.0 0.0 0.0 0.0
0.0 0.0 0.0 0.0
0.0 0.0 0.1 0.10900000000000001
0.0 0.0 0.1 0.0
0.0 0.0 0.0 0.0
0.0 0.0 0.0 0.0
0.0 0.0 0.236 0.0
0.0 0.0 0.0 0.2
0.0 0.0 0.0 0.0
0.0 0.0 0.0 0.2
0.0 0.0 0.28 0.0
0.0 0.0 0.8512204020480001 0.292881035396864
0.0 0.0 0.31922981569280007 0.5644640000000001
0.0 0.0 0.8179499404800001 0.40248000000000006
0.0 0.0 0.6778986233600001 0.2
0.0 0.0 0.289574336 0.0
0.0 0.0 0.236 0.0
0.0 0.0 0.2 0.2
0.0 0.0 0.24248 0.0
0.0 0.0 0.0 0.0
0.0 0.0 0.0 0.0
0.0 0.0 0.0 0.0
0.0 0.0 0.0 0.0
0.0 0.0 0.0 0.0
0.0 0.0 0.0 0.0
0.0 0.0 0.0 0.0
0.0 0.0 0.0 0.0
0.0 0.0 0.0 0.0
0.0 0.0 0.0 0.0
0.0 0.0 0.0 0.0
0.0 0.0 0.0 0.1
0.0 0.0 0.0 0.1
0.0 0.0 0.0 0.0
0.0 0.0 0.0 0.0
0.0 0.0 0.0 0.0
0.0 0.0 0.0 0.0
0.0 0.0 0.0 0.0
0.0 0.0 0.0 0.0
0.0 0.0 0.0 0.0
0.0 0.0 0.0 0.0
0.0 0.0 0.0 0.0
0.0 0.0 0.0 0.0
0.0 0.0 0.1 0.0
0.0 0.0 0.1 0.1
0.0 0.0 0.0 0.0
0.0 0.0 0.0 0.0
0.0 0.0 0.0 0.0
0.0 0.0 0.0 0.0
0.0 0.0 0.2 0.0
0.0 0.0 0.0 0.2
0.0 0.0 0.2 0.236
0.0 0.0 0.7348263539686402 0.396
0.0 0.0 0.0 0.58232
0.0 0.0 0.7483624580864001 0.6100800644864002
0.0 0.0 0.28302435200000003 0.0
0.0 0.0 0.0 0.2
0.0 0.0 0.0 0.0
0.0 0.0 0.236 0.0
0.0 0.0 0.0 0.0
0.0 0.0 0.0 0.0
0.0 0.0 0.0 0.0
0.0 0.0 0.0 0.0
0.0 0.0 0.0 0.0
0.0 0.0 0.0 0.0
0.0 0.0 0.0 0.0
0.0 0.0 0.0 0.0
0.0 0.0 0.0 0.0
0.0 0.0 0.0 0.0
0.0 0.0 0.0 0.0
0.0 0.0 0.0 0.0
0.0 0.0 0.0 0.1
0.0 0.0 0.0 0.0
0.0 0.0 0.1 0.10900000000000001
0.0 0.0 0.0 0.0
0.0 0.0 0.0 0.0
0.0 0.0 0.0 0.0
0.0 0.0 0.0 0.0
0.0 0.0 0.0 0.0
0.0 0.0 0.0 0.0
0.0 0.0 0.0 0.0
0.0 0.0 0.0 0.0
0.0 0.0 0.0 0.0
0.0 0.0 0.1 0.0
0.0 0.0 0.10900000000000001 0.0
0.0 0.0 0.0 0.0
0.0 0.0 0.0 0.0
0.0 0.0 0.0 0.0
0.0 0.0 0.0 0.0
0.0 0.0 0.0 0.0
0.0 0.0 0.0 0.0
0.0 0.0 0.40248000000000006 0.0
0.0 0.0 0.683524235396864 0.36000000000000004
0.0 0.0 0.46481760000000005 0.236
0.0 0.0 0.6972052759915521 0.6072551090048001
0.0 0.0 0.2 0.0
0.0 0.0 0.0 0.2
0.0 0.0 0.0 0.0
0.0 0.0 0.0 0.0
0.0 0.0 0.0 0.0
0.0 0.0 0.0 0.0
0.0 0.0 0.0 0.0
0.0 0.0 0.0 0.0
0.0 0.0 0.0 0.0
0.0 0.0 0.0 0.0
0.0 0.0 0.0 0.0
0.0 0.0 0.0 0.0
0.0 0.0 0.0 0.0
0.0 0.0 0.0 0.0
0.0 0.0 0.0 0.0
0.0 0.0 0.0 0.1
0.0 0.0 0.0 0.0
0.0 0.0 0.0 0.0
0.0 0.0 0.1 0.0
0.0 0.0 0.0 0.0
0.0 0.0 0.0 0.0
0.0 0.0 0.0 0.1
0.0 0.0 0.0 0.1
0.0 0.0 0.0 0.0
0.0 0.0 0.0 0.0
0.0 0.0 0.1 0.0
0.0 0.0 0.0 0.0
0.0 0.0 0.0 0.0
0.0 0.0 0.0 0.0
0.0 0.0 0.0 0.0
0.0 0.0 0.0 0.0
0.0 0.0 0.0 0.0
0.0 0.0 0.0 0.0
0.0 0.0 0.0 0.0
0.0 0.0 0.0 0.0
0.0 0.0 0.0 0.0
0.0 0.0 0.0 0.0
0.0 0.0 0.4997347200000001 0.40248000000000006
0.0 0.0 0.40248000000000006 0.0
0.0 0.0 0.6833949303088641 0.29325731043000725
0.0 0.0 0.0 0.396
0.0 0.0 0.0 0.2
0.0 0.0 0.0 0.0
0.0 0.0 0.0 0.0
0.0 0.0 0.0 0.2
0.0 0.0 0.0 0.0
0.0 0.0 0.0 0.0
0.0 0.0 0.0 0.0
0.0 0.0 0.0 0.0
0.0 0.0 0.0 0.0
0.0 0.0 0.0 0.0
0.0 0.0 0.0 0.0
0.0 0.0 0.0 0.0
0.0 0.0 0.0 0.0
0.0 0.0 0.0 0.0
0.0 0.0 0.0 0.0
0.0 0.0 0.0 0.1
0.0 0.0 0.1 0.0
0.0 0.0 0.0 0.0
0.0 0.0 0.1 0.1
0.0 0.0 0.0 0.1
0.0 0.0 0.0 0.0
0.0 0.0 0.0 0.19
0.0 0.0 0.0 0.0
0.0 0.0 0.0 0.0
0.0 0.0 0.1 0.0
0.0 0.0 0.0 0.0
0.0 0.0 0.0 0.0
0.0 0.0 0.0 0.0
0.0 0.0 0.0 0.0
0.0 0.0 0.0 0.0
0.0 0.0 0.0 0.0
0.0 0.0 0.0 0.0
0.0 0.0 0.0 0.0
0.0 0.0 0.0 0.0
0.0 0.0 0.0 0.0
0.0 0.0 0.0 0.0
0.0 0.0 0.6414435200000002 0.2
0.0 0.0 0.0 0.236
0.0 0.0 0.5180961690555956 0.40248000000000006
0.0 0.0 0.0 0.36000000000000004
0.0 0.0 0.0 0.2
0.0 0.0 0.0 0.0
0.0 0.0 0.36000000000000004 0.0
0.0 0.0 0.0 0.0
0.0 0.0 0.0 0.0
0.0 0.0 0.0 0.0
0.0 0.0 0.0 0.0
0.0 0.0 0.0 0.0
0.0 0.0 0.0 0.0
0.0 0.0 0.0 0.0
0.0 0.0 0.0 0.0
0.0 0.0 0.0 0.0
0.0 0.0 0.0 0.0
0.0 0.0 0.0 0.0
0.0 0.0 0.0 0.0
0.0 0.0 0.10900000000000001 0.0
0.0 0.0 0.0 0.0
0.0 0.0 0.19 0.19981000000000004
0.0 0.0 0.0 0.1
0.0 0.0 0.0 0.19981000000000004
0.0 0.0 0.1 0.0
0.0 0.0 0.0 0.0
0.0 0.0 0.0 0.10900000000000001
0.0 0.0 0.0 0.0
0.0 0.0 0.1 0.0
0.0 0.0 0.0 0.0
0.0 0.0 0.0 0.0
0.0 0.0 0.0 0.0
0.0 0.0 0.0 0.0
0.0 0.0 0.0 0.0
0.0 0.0 0.0 0.0
0.0 0.0 0.0 0.0
0.0 0.0 0.0 0.0
0.0 0.0 0.0 0.0
0.0 0.0 0.0 0.0
0.0 0.0 0.0 0.0
0.0 0.0 0.28302435200000003 0.0
0.0 0.0 0.40248000000000006 0.0
0.0 0.0 0.236 0.396
0.0 0.0 0.47664000000000006 0.0
0.0 0.0 0.0 0.2
0.0 0.0 0.0 0.0
0.0 0.0 0.2 0.0
0.0 0.0 0.0 0.0
0.0 0.0 0.0 0.0
0.0 0.0 0.0 0.0
0.0 0.0 0.0 0.0
0.0 0.0 0.0 0.0
0.0 0.0 0.0 0.0
0.0 0.0 0.0 0.0
0.0 0.0 0.0 0.0
0.0 0.0 0.0 0.0
0.0 0.0 0.0 0.0
0.0 0.0 0.0 0.0
0.0 0.0 0.0 0.0
0.0 0.0 0.1 0.0
0.0 0.0 0.0 0.0
0.0 0.0 0.21608290000000002 0.0
0.0 0.0 0.0 0.1
0.0 0.0 0.10900000000000001 0.1
0.0 0.0 0.0 0.1
0.0 0.0 0.0 0.32140949149000003
0.0 0.0 0.1 0.0
0.0 0.0 0.0 0.0
0.0 0.0 0.1 0.0
0.0 0.0 0.0 0.0
0.0 0.0 0.0 0.0
0.0 0.0 0.0 0.0
0.0 0.0 0.0 0.0
0.0 0.0 0.0 0.0
0.0 0.0 0.0 0.0
0.0 0.0 0.0 0.0
0.0 0.0 0.0 0.0
0.0 0.0 0.0 0.0
0.0 0.0 0.0 0.0
0.0 0.0 0.0 0.0
0.0 0.0 0.2 0.0
0.0 0.0 0.0 0.0
0.0 0.0 0.0 0.2
0.0 0.0 0.24766400000000002 0.0
0.0 0.0 0.236 0.0
0.0 0.0 0.0 0.2
0.0 0.0 0.0 0.0
0.0 0.0 0.0 0.0
0.0 0.0 0.0 0.0
0.0 0.0 0.0 0.0
0.0 0.0 0.0 0.0
0.0 0.0 0.0 0.0
0.0 0.0 0.0 0.0
0.0 0.0 0.0 0.0
0.0 0.0 0.0 0.0
0.0 0.0 0.0 0.0
0.0 0.0 0.0 0.0
0.0 0.0 0.0 0.0
0.0 0.0 0.0 0.0
0.0 0.0 0.0 0.0
0.0 0.0 0.0 0.0
0.0 0.0 0.10981000000000002 0.0
0.0 0.0 0.0 0.1
0.0 0.0 0.10981000000000002 0.0
0.0 0.0 0.0 0.0
0.0 0.0 0.29927646100000005 0.0
0.0 0.0 0.0 0.1
0.0 0.0 0.0 0.1
0.0 0.0 0.0 0.1
0.0 0.0 0.0 0.0
0.0 0.0 0.1 0.0
0.0 0.0 0.0 0.0
0.0 0.0 0.0 0.0
0.0 0.0 0.0 0.0
0.0 0.0 0.0 0.0
0.0 0.0 0.0 0.0
0.0 0.0 0.0 0.0
0.0 0.0 0.0 0.0
0.0 0.0 0.0 0.0
0.0 0.0 0.0 0.0
0.0 0.0 0.0 0.0
0.0 0.0 0.0 0.0
0.0 0.0 0.0 0.0
0.0 0.0 0.4045795200000001 0.0
0.0 0.0 0.0 0.2
0.0 0.0 0.0 0.0
0.0 0.0 0.0 0.0
0.0 0.0 0.0 0.0
0.0 0.0 0.0 0.0
0.0 0.0 0.0 0.0
0.0 0.0 0.0 0.0
0.0 0.0 0.0 0.0
0.0 0.0 0.0 0.0
0.0 0.0 0.0 0.0
0.0 0.0 0.0 0.0
0.0 0.0 0.0 0.0
0.0 0.0 0.0 0.0
0.0 0.0 0.0 0.0
0.0 0.0 0.0 0.0
0.0 0.0 0.0 0.0
0.0 0.0 0.0 0.0
0.0 0.0 0.1 0.0
0.0 0.0 0.0 0.0
0.0 0.0 0.0 0.1
0.0 0.0 0.1 0.0
0.0 0.0 0.0 0.1
0.0 0.0 0.0 0.1
0.0 0.0 0.10900000000000001 0.0
0.0 0.0 0.0 0.1
0.0 0.0 0.1 0.0
0.0 0.0 0.0 0.0
0.0 0.0 0.0 0.0
0.0 0.0 0.0 0.0
0.0 0.0 0.0 0.0
0.0 0.0 0.0 0.0
0.0 0.0 0.0 0.0
0.0 0.0 0.0 0.0
0.0 0.0 0.0 0.0
0.0 0.0 0.0 0.0
0.0 0.0 0.0 0.0
0.0 0.0 0.0 0.0
0.0 0.0 0.0 0.0
0.0 0.0 0.0 0.0
0.0 0.0 0.236 0.0
0.0 0.0 0.0 0.2
0.0 0.0 0.0 0.0
0.0 0.0 0.0 0.0
0.0 0.0 0.0 0.0
0.0 0.0 0.0 0.0
0.0 0.0 0.0 0.0
0.0 0.0 0.0 0.0
0.0 0.0 0.0 0.0
0.0 0.0 0.0 0.0
0.0 0.0 0.0 0.0
0.0 0.0 0.0 0.0
0.0 0.0 0.0 0.0
0.0 0.0 0.0 0.0
0.0 0.0 0.0 0.0
0.0 0.0 0.0 0.0
0.0 0.0 0.0 0.0
0.0 0.0 0.1 0.0
0.0 0.0 0.0 0.0
0.0 0.0 0.0 0.1
0.0 0.0 0.10900000000000001 0.1
0.0 0.0 0.1 0.0
0.0 0.0 0.0 0.1
0.0 0.0 0.0 0.1
0.0 0.0 0.0 0.0
0.0 0.0 0.0 0.0
0.0 0.0 0.0 0.0
0.0 0.0 0.0 0.1
0.0 0.0 0.1 0.0
0.0 0.0 0.0 0.0
0.0 0.0 0.0 0.0
0.0 0.0 0.0 0.0
0.0 0.0 0.0 0.0
0.0 0.0 0.0 0.0
0.0 0.0 0.0 0.10900000000000001
0.0 0.0 0.0 0.0
0.0 0.0 0.0 0.0
0.0 0.0 0.0 0.0
0.0 0.0 0.0 0.2
0.0 0.0 0.2 0.0
0.0 0.0 0.0 0.0
0.0 0.0 0.0 0.0
0.0 0.0 0.0 0.0
0.0 0.0 0.0 0.0
0.0 0.0 0.0 0.0
0.0 0.0 0.0 0.0
0.0 0.0 0.0 0.0
0.0 0.0 0.0 0.0
0.0 0.0 0.0 0.0
0.0 0.0 0.0 0.0
0.0 0.0 0.0 0.0
0.0 0.0 0.0 0.0
0.0 0.0 0.0 0.0
0.0 0.0 0.0 0.0
0.0 0.0 0.0 0.0
0.0 0.0 0.0 0.0
0.0 0.0 0.0 0.0
0.0 0.0 0.0 0.0
0.0 0.0 0.0 0.0
0.0 0.0 0.10900000000000001 0.1
0.0 0.0 0.10900000000000001 0.0
0.0 0.0 0.1 0.0
0.0 0.0 0.10900000000000001 0.0
0.0 0.0 0.0 0.1
0.0 0.0 0.0 0.0
0.0 0.0 0.0 0.0
0.0 0.0 0.0 0.0
0.0 0.0 0.0 0.0
0.0 0.0 0.0 0.1
0.0 0.0 0.0 0.0
0.0 0.0 0.0 0.0
0.0 0.0 0.1 0.1
0.0 0.0 0.0 0.0
0.0 0.0 0.0 0.0
0.0 0.0 0.1 0.0
0.0 0.0 0.0 0.0
0.0 0.0 0.0 0.0
0.0 0.0 0.0 0.43244640000000006
0.0 0.0 0.236 0.24248
0.0 0.0 0.0 0.0
0.0 0.0 0.0 0.0
0.0 0.0 0.0 0.0
0.0 0.0 0.0 0.0
0.0 0.0 0.0 0.0
0.0 0.0 0.0 0.0
0.0 0.0 0.0 0.0
0.0 0.0 0.0 0.0
0.0 0.0 0.0 0.0
0.0 0.0 0.0 0.0
0.0 0.0 0.0 0.0
0.0 0.0 0.0 0.0
0.0 0.0 0.0 0.0
0.0 0.0 0.0 0.0
0.0 0.0 0.0 0.0
0.0 0.0 0.0 0.0
0.0 0.0 0.0 0.0
0.0 0.0 0.0 0.0
0.0 0.0 0.0 0.0
0.0 0.0 0.0 0.0
0.0 0.0 0.10900000000000001 0.0
0.0 0.0 0.0 0.0
0.0 0.0 0.1 0.0
0.0 0.0 0.0 0.1
0.0 0.0 0.0 0.0
0.0 0.0 0.0 0.0
0.0 0.0 0.0 0.0
0.0 0.0 0.0 0.0
0.0 0.0 0.0 0.0
0.0 0.0 0.0 0.1
0.0 0.0 0.0 0.0
0.0 0.0 0.1 0.0
0.0 0.0 0.0 0.0
0.0 0.0 0.0 0.0
0.0 0.0 0.0 0.0
0.0 0.0 0.0 0.0
0.0 0.0 0.1 0.0
0.0 0.0 0.0 0.0
0.0 0.0 0.0 0.7398438336000002
0.0 0.0 0.40364640000000007 0.236
0.0 0.0 0.2 0.0
0.0 0.0 0.0 0.0
0.0 0.0 0.0 0.0
0.0 0.0 0.0 0.0
0.0 0.0 0.0 0.0
0.0 0.0 0.0 0.0
0.0 0.0 0.0 0.0
0.0 0.0 0.0 0.0
0.0 0.0 0.0 0.0
0.0 0.0 0.0 0.0
0.0 0.0 0.0 0.0
0.0 0.0 0.0 0.0
0.0 0.0 0.0 0.0
0.0 0.0 0.0 0.0
0.0 0.0 0.0 0.0
0.0 0.0 0.0 0.0
0.0 0.0 0.0 0.0
0.0 0.0 0.0 0.0
0.0 0.0 0.0 0.0
0.0 0.0 0.0 0.0
0.0 0.0 0.0 0.0
0.0 0.0 0.0 0.0
0.0 0.0 0.1 0.0
0.0 0.0 0.0 0.0
0.0 0.0 0.0 0.0
0.0 0.0 0.0 0.0
0.0 0.0 0.0 0.0
0.0 0.0 0.0 0.0
0.0 0.0 0.0 0.0
0.0 0.0 0.0 0.0
0.0 0.0 0.1 0.0
0.0 0.0 0.0 0.0
0.0 0.0 0.0 0.0
0.0 0.0 0.0 0.0
0.0 0.0 0.0 0.0
0.0 0.0 0.0 0.0
0.0 0.0 0.0 0.0
0.0 0.0 0.0 0.0
0.0 0.0 0.49040352 0.0
0.0 0.0 0.40248000000000006 0.2
0.0 0.0 0.0 0.0
0.0 0.0 0.2 0.0
0.0 0.0 0.0 0.0
0.0 0.0 0.0 0.0
0.0 0.0 0.0 0.0
0.0 0.0 0.0 0.0
0.0 0.0 0.0 0.0
0.0 0.0 0.0 0.0
0.0 0.0 0.0 0.0
0.0 0.0 0.0 0.0
0.0 0.0 0.0 0.0
0.0 0.0 0.0 0.0
0.0 0.0 0.0 0.0
0.0 0.0 0.0 0.0
0.0 0.0 0.0 0.0
0.0 0.0 0.0 0.0
0.0 0.0 0.0 0.0
0.0 0.0 0.0 0.0
0.0 0.0 0.0 0.0
0.0 0.0 0.0 0.0
0.0 0.0 0.0 0.0
0.0 0.0 0.0 0.0
0.0 0.0 0.0 0.0
0.0 0.0 0.0 0.0
0.0 0.0 0.0 0.0
0.0 0.0 0.0 0.0
0.0 0.0 0.0 0.0
0.0 0.0 0.0 0.0
0.0 0.0 0.0 0.0
0.0 0.0 0.0 0.0
0.0 0.0 0.0 0.0
0.0 0.0 0.0 0.0
0.0 0.0 0.0 0.0
0.0 0.0 0.0 0.0
0.0 0.0 0.0 0.0
0.0 0.0 0.0 0.0
0.0 0.0 0.0 0.0
0.0 0.0 0.0 0.0
0.0 0.0 0.24248 0.0
0.0 0.0 0.0 0.0
0.0 0.0 0.2 0.0
0.0 0.0 0.0 0.236
0.0 0.0 0.0 0.0
0.0 0.0 0.0 0.0
0.0 0.0 0.0 0.0
0.0 0.0 0.0 0.0
0.0 0.0 0.0 0.0
0.0 0.0 0.0 0.0
0.0 0.0 0.0 0.0
0.0 0.0 0.0 0.0
0.0 0.0 0.0 0.0
0.0 0.0 0.0 0.0
0.0 0.0 0.0 0.0
0.0 0.0 0.0 0.0
0.0 0.0 0.0 0.0
0.0 0.0 0.0 0.0
0.0 0.0 0.0 0.0
0.0 0.0 0.0 0.0
0.0 0.0 0.0 0.0
0.0 0.0 0.0 0.0
0.0 0.0 0.0 0.0
0.0 0.0 0.0 0.0
0.0 0.0 0.0 0.0
0.0 0.0 0.0 0.0
0.0 0.0 0.0 0.0
0.0 0.0 0.0 0.0
0.0 0.0 0.0 0.0
0.0 0.0 0.0 0.0
0.0 0.0 0.0 0.0
0.0 0.0 0.0 0.0
0.0 0.0 0.0 0.0
0.0 0.0 0.0 0.0
0.0 0.0 0.0 0.0
0.0 0.0 0.0 0.0
0.0 0.0 0.0 0.0
0.0 0.0 0.0 0.0
0.0 0.0 0.0 0.0
0.0 0.0 0.0 0.0
0.0 0.0 0.2 0.0
0.0 0.0 0.0 0.0
0.0 0.0 0.0 0.0
0.0 0.0 0.2 0.2
0.0 0.0 0.0 0.0
0.0 0.0 0.0 0.0
0.0 0.0 0.0 0.0
0.0 0.0 0.0 0.0
0.0 0.0 0.0 0.0
0.0 0.0 0.0 0.0
0.0 0.0 0.0 0.0
0.0 0.0 0.0 0.0
0.0 0.0 0.0 0.0
0.0 0.0 0.0 0.0
0.0 0.0 0.0 0.0
0.0 0.0 0.0 0.0
0.0 0.0 0.0 0.0
0.0 0.0 0.0 0.0
0.0 0.0 0.0 0.0
0.0 0.0 0.0 0.0
0.0 0.0 0.0 0.0
0.0 0.0 0.0 0.0
0.0 0.0 0.0 0.0
0.0 0.0 0.0 0.0
0.0 0.0 0.0 0.0
0.0 0.0 0.0 0.0
0.0 0.0 0.0 0.0
0.0 0.0 0.0 0.0
0.0 0.0 0.0 0.0
0.0 0.0 0.0 0.0
0.0 0.0 0.0 0.0
0.0 0.0 0.0 0.0
0.0 0.0 0.0 0.0
0.0 0.0 0.0 0.0
0.0 0.0 0.0 0.0
0.0 0.0 0.0 0.0
0.0 0.0 0.0 0.0
0.0 0.0 0.0 0.0
0.0 0.0 0.0 0.0
0.0 0.0 0.0 0.0
0.0 0.0 0.2 0.0
0.0 0.0 0.0 0.0
0.0 0.0 0.0 0.0
0.0 0.0 0.0 0.2
0.0 0.0 0.0 0.0
0.0 0.0 0.2 0.0
0.0 0.0 0.0 0.0
0.0 0.0 0.0 0.0
0.0 0.0 0.0 0.0
0.0 0.0 0.0 0.0
0.0 0.0 0.0 0.0
0.0 0.0 0.0 0.0
0.0 0.0 0.0 0.0
0.0 0.0 0.0 0.0
0.0 0.0 0.0 0.0
0.0 0.0 0.0 0.0
0.0 0.0 0.0 0.0
0.0 0.0 0.0 0.0
0.0 0.0 0.0 0.0
0.0 0.0 0.0 0.0
0.0 0.0 0.0 0.0
0.0 0.0 0.0 0.0
0.0 0.0 0.0 0.0
0.0 0.0 0.0 0.0
0.0 0.0 0.0 0.0
0.0 0.0 0.0 0.0
0.0 0.0 0.0 0.0
0.0 0.0 0.0 0.0
0.0 0.0 0.0 0.0
0.0 0.0 0.0 0.0
0.0 0.0 0.0 0.0
0.0 0.0 0.0 0.0
0.0 0.0 0.0 0.0
0.0 0.0 0.0 0.0
0.0 0.0 0.0 0.0
0.0 0.0 0.0 0.0
0.0 0.0 0.0 0.0
0.0 0.0 0.0 0.0
0.0 0.0 0.0 0.0
0.0 0.0 0.0 0.0
0.0 0.0 0.2 0.0
0.0 0.0 0.2 0.0
0.0 0.0 0.0 0.0
0.0 0.0 0.0 0.0
0.0 0.0 0.0 0.2
0.0 0.0 0.0 0.0
0.0 0.0 0.0 0.0
0.0 0.0 0.0 0.0
0.0 0.0 0.0 0.0
0.0 0.0 0.0 0.0
0.0 0.0 0.0 0.0
0.0 0.0 0.0 0.0
0.0 0.0 0.0 0.0
0.0 0.0 0.0 0.0
0.0 0.0 0.0 0.0
0.0 0.0 0.0 0.0
0.0 0.0 0.0 0.0
0.0 0.0 0.0 0.0
0.0 0.0 0.0 0.0
0.0 0.0 0.0 0.0
0.0 0.0 0.0 0.0
0.0 0.0 0.0 0.0
0.0 0.0 0.0 0.0
0.0 0.0 0.0 0.0
0.0 0.0 0.0 0.0
0.0 0.0 0.0 0.0
0.0 0.0 0.0 0.0
0.0 0.0 0.0 0.0
0.0 0.0 0.0 0.0
0.0 0.0 0.0 0.0
0.0 0.0 0.0 0.0
0.0 0.0 0.0 0.0
0.0 0.0 0.0 0.0
0.0 0.0 0.0 0.0
0.0 0.0 0.0 0.0
0.0 0.0 0.0 0.0
0.0 0.0 0.0 0.0
0.0 0.0 0.0 0.0
0.0 0.0 0.0 0.0
0.0 0.0 0.0 0.0
0.0 0.0 0.2 0.0
0.0 0.0 0.2 0.0
0.0 0.0 0.0 0.0
0.0 0.0 0.0 0.0
0.0 0.0 0.0 0.2
0.0 0.0 0.0 0.0
0.0 0.0 0.0 0.0
0.0 0.0 0.0 0.0
0.0 0.0 0.0 0.2
0.0 0.0 0.0 0.0
0.0 0.0 0.0 0.0
0.0 0.0 0.0 0.0
0.0 0.0 0.0 0.0
0.0 0.0 0.0 0.0
0.0 0.0 0.0 0.0
0.0 0.0 0.0 0.0
0.0 0.0 0.0 0.0
0.0 0.0 0.0 0.0
0.0 0.0 0.0 0.0
0.0 0.0 0.0 0.0
0.0 0.0 0.0 0.0
0.0 0.0 0.0 0.0
0.0 0.0 0.0 0.0
0.0 0.0 0.0 0.0
0.0 0.0 0.0 0.0
0.0 0.0 0.0 0.0
0.0 0.0 0.0 0.0
0.0 0.0 0.0 0.0
0.0 0.0 0.0 0.0
0.0 0.0 0.0 0.0
0.0 0.0 0.0 0.0
0.0 0.0 0.0 0.0
0.0 0.0 0.0 0.0
0.0 0.0 0.0 0.0
0.0 0.0 0.0 0.0
0.0 0.0 0.0 0.0
0.0 0.0 0.0 0.0
0.0 0.0 0.0 0.0
0.0 0.0 0.0 0.0
0.0 0.0 0.0 0.0
0.0 0.0 0.0 0.0
0.0 0.0 0.0 0.0
0.0 0.0 0.2 0.0
0.0 0.0 0.2 0.0
0.0 0.0 0.0 0.0
0.0 0.0 0.2 0.40248000000000006
0.0 0.0 0.0 0.236
0.0 0.0 0.0 0.2
0.0 0.0 0.0 0.0
0.0 0.0 0.0 0.0
0.0 0.0 0.0 0.0
0.0 0.0 0.0 0.0
0.0 0.0 0.0 0.0
0.0 0.0 0.0 0.0
0.0 0.0 0.0 0.0
0.0 0.0 0.0 0.0
0.0 0.0 0.0 0.0
0.0 0.0 0.0 0.0
0.0 0.0 0.0 0.0
0.0 0.0 0.0 0.0
0.0 0.0 0.0 0.0
0.0 0.0 0.0 0.0
0.0 0.0 0.0 0.0
0.0 0.0 0.0 0.0
0.0 0.0 0.0 0.0
0.0 0.0 0.0 0.0
0.0 0.0 0.0 0.0
0.0 0.0 0.0 0.0
0.0 0.0 0.0 0.0
0.0 0.0 0.0 0.0
0.0 0.0 0.0 0.0
0.0 0.0 0.0 0.0
0.0 0.0 0.0 0.0
0.0 0.0 0.0 0.0
0.0 0.0 0.0 0.0
0.0 0.0 0.0 0.0
0.0 0.0 0.0 0.0
0.0 0.0 0.0 0.0
0.0 0.0 0.0 0.0
0.0 0.0 0.0 0.0
0.0 0.0 0.2 0.0
0.0 0.0 0.0 0.0
0.0 0.0 0.0 0.0
0.0 0.0 0.2 0.2
0.0 0.0 0.0 0.0
0.0 0.0 0.236 0.2
0.0 0.0 0.40248000000000006 0.0
0.0 0.0 0.0 0.0
0.0 0.0 0.0 0.2
0.0 0.0 0.0 0.0
0.0 0.0 0.0 0.0
0.0 0.0 0.0 0.0
0.0 0.0 0.0 0.0
0.0 0.0 0.0 0.0
0.0 0.0 0.0 0.0
0.0 0.0 0.0 0.0
0.0 0.0 0.0 0.0
0.0 0.0 0.0 0.0
0.0 0.0 0.0 0.0
0.0 0.0 0.0 0.0
0.0 0.0 0.0 0.0
0.0 0.0 0.0 0.0
0.0 0.0 0.0 0.0
0.0 0.0 0.0 0.0
0.0 0.0 0.0 0.0
0.0 0.0 0.0 0.0
0.0 0.0 0.0 0.0
0.0 0.0 0.0 0.0
0.0 0.0 0.0 0.0
0.0 0.0 0.0 0.0
0.0 0.0 0.0 0.0
0.0 0.0 0.0 0.0
0.0 0.0 0.0 0.0
0.0 0.0 0.0 0.0
0.0 0.0 0.0 0.0
0.0 0.0 0.0 0.0
0.0 0.0 0.0 0.0
0.0 0.0 0.0 0.0
0.0 0.0 0.0 0.0
0.0 0.0 0.0 0.0
0.0 0.0 0.2 0.0
0.0 0.0 0.2 0.0
0.0 0.0 0.0 0.0
0.0 0.0 0.0 0.2
0.0 0.0 0.2 0.0
0.0 0.0 0.0 0.0
0.0 0.0 0.2 0.0
0.0 0.0 0.0 0.2
0.0 0.0 0.0 0.0
0.0 0.0 0.0 0.0
0.0 0.0 0.0 0.0
0.0 0.0 0.0 0.0
0.0 0.0 0.0 0.0
0.0 0.0 0.0 0.0
0.0 0.0 0.0 0.0
0.0 0.0 0.0 0.0
0.0 0.0 0.0 0.0
0.0 0.0 0.0 0.0
0.0 0.0 0.0 0.0
0.0 0.0 0.0 0.0
0.0 0.0 0.0 0.0
0.0 0.0 0.0 0.0
0.0 0.0 0.0 0.0
0.0 0.0 0.0 0.0
0.0 0.0 0.0 0.0
0.0 0.0 0.0 0.0
0.0 0.0 0.0 0.0
0.0 0.0 0.0 0.0
0.0 0.0 0.0 0.0
0.0 0.0 0.0 0.0
0.0 0.0 0.0 0.0
0.0 0.0 0.0 0.0
0.0 0.0 0.0 0.0
0.0 0.0 0.0 0.0
0.0 0.0 0.0 0.0
0.0 0.0 0.0 0.0
0.0 0.0 0.0 0.0
0.0 0.0 0.0 0.0
0.0 0.0 0.0 0.0
0.0 0.0 0.0 0.0
0.0 0.0 0.2 0.0
0.0 0.0 0.0 0.0
0.0 0.0 0.2 0.0
0.0 0.0 0.0 0.0
0.0 0.0 0.0 0.2
0.0 0.0 0.0 0.0
0.0 0.0 0.0 0.0
0.0 0.0 0.236 0.2
0.0 0.0 0.0 0.0
0.0 0.0 0.0 0.0
0.0 0.0 0.0 0.0
0.0 0.0 0.0 0.0
0.0 0.0 0.0 0.0
0.0 0.0 0.0 0.0
0.0 0.0 0.0 0.0
0.0 0.0 0.0 0.0
0.0 0.0 0.0 0.0
0.0 0.0 0.0 0.0
0.0 0.0 0.0 0.0
0.0 0.0 0.0 0.0
0.0 0.0 0.0 0.0
0.0 0.0 0.0 0.0
0.0 0.0 0.0 0.0
0.0 0.0 0.0 0.0
0.0 0.0 0.0 0.0
0.0 0.0 0.0 0.0
0.0 0.0 0.0 0.0
0.0 0.0 0.0 0.0
0.0 0.0 0.0 0.0
0.0 0.0 0.0 0.0
0.0 0.0 0.0 0.0
0.0 0.0 0.0 0.0
0.0 0.0 0.0 0.0
0.0 0.0 0.0 0.0
0.0 0.0 0.0 0.0
0.0 0.0 0.0 0.0
0.0 0.0 0.0 0.0
0.0 0.0 0.0 0.0
0.0 0.0 0.0 0.0
0.0 0.0 0.0 0.0
0.0 0.0 0.2 0.0
0.0 0.0 0.0 0.2
0.0 0.0 0.2 0.0
0.0 0.0 0.0 0.0
0.0 0.0 0.0 0.0
0.0 0.0 0.0 0.2
0.0 0.0 0.0 0.0
0.0 0.0 0.236 0.0
0.0 0.0 0.0 0.0
0.0 0.0 0.0 0.0
0.0 0.0 0.0 0.0
0.0 0.0 0.0 0.0
0.0 0.0 0.0 0.0
0.0 0.0 0.0 0.0
0.0 0.0 0.0 0.0
0.0 0.0 0.0 0.0
0.0 0.0 0.0 0.0
0.0 0.0 0.0 0.0
0.0 0.0 0.0 0.0
0.0 0.0 0.0 0.0
0.0 0.0 0.0 0.0
0.0 0.0 0.0 0.0
0.0 0.0 0.0 0.0
0.0 0.0 0.0 0.0
0.0 0.0 0.0 0.0
0.0 0.0 0.0 0.0
0.0 0.0 0.0 0.0
0.0 0.0 0.0 0.0
0.0 0.0 0.0 0.0
0.0 0.0 0.0 0.0
0.0 0.0 0.0 0.0
0.0 0.0 0.0 0.0
0.0 0.0 0.0 0.0
0.0 0.0 0.0 0.0
0.0 0.0 0.0 0.0
0.0 0.0 0.0 0.0
0.0 0.0 0.0 0.0
0.0 0.0 0.0 0.0
0.0 0.0 0.0 0.0
0.0 0.0 0.0 0.0
0.0 0.0 0.2 0.0
0.0 0.0 0.0 0.0
0.0 0.0 0.2 0.0
0.0 0.0 0.0 0.0
0.0 0.0 0.0 0.2
0.0 0.0 0.0 0.0
0.0 0.0 0.2 0.0
0.0 0.0 0.0 0.0
0.0 0.0 0.0 0.0
0.0 0.0 0.0 0.0
0.0 0.0 0.0 0.0
0.0 0.0 0.0 0.0
0.0 0.0 0.0 0.0
0.0 0.0 0.0 0.0
0.0 0.0 0.0 0.0
0.0 0.0 0.0 0.0
0.0 0.0 0.0 0.0
0.0 0.0 0.0 0.0
0.0 0.0 0.0 0.0
0.0 0.0 0.0 0.0
0.0 0.0 0.0 0.0
0.0 0.0 0.0 0.0
0.0 0.0 0.0 0.0
0.0 0.0 0.0 0.0
0.0 0.0 0.0 0.0
0.0 0.0 0.0 0.0
0.0 0.0 0.0 0.0
0.0 0.0 0.0 0.0
0.0 0.0 0.0 0.0
0.0 0.0 0.0 0.0
0.0 0.0 0.0 0.0
0.0 0.0 0.0 0.0
0.0 0.0 0.0 0.0
0.0 0.0 0.0 0.0
0.0 0.0 0.0 0.0
0.0 0.0 0.0 0.0
0.0 0.0 0.0 0.0
0.0 0.0 0.0 0.0
0.0 0.0 0.0 0.0
0.0 0.0 0.0 0.0
0.0 0.0 0.0 0.0
0.0 0.0 0.0 0.0
0.0 0.0 0.2 0.0
0.0 0.0 0.0 0.236
0.0 0.0 0.0 0.2
0.0 0.0 0.0 0.0
0.0 0.0 0.0 0.0
0.0 0.0 0.2 0.0
0.0 0.0 0.0 0.0
0.0 0.0 0.0 0.0
0.0 0.0 0.0 0.0
0.0 0.0 0.0 0.0
0.0 0.0 0.0 0.0
0.0 0.0 0.0 0.0
0.0 0.0 0.0 0.0
0.0 0.0 0.0 0.0
0.0 0.0 0.0 0.0
0.0 0.0 0.0 0.0
0.0 0.0 0.0 0.0
0.0 0.0 0.0 0.0
0.0 0.0 0.0 0.0
0.0 0.0 0.0 0.0
0.0 0.0 0.0 0.0
0.0 0.0 0.0 0.0
0.0 0.0 0.0 0.0
0.0 0.0 0.0 0.0
0.0 0.0 0.0 0.0
0.0 0.0 0.0 0.0
0.0 0.0 0.0 0.0
0.0 0.0 0.0 0.0
0.0 0.0 0.0 0.0
0.0 0.0 0.0 0.0
0.0 0.0 0.0 0.0
0.0 0.0 0.0 0.0
0.0 0.0 0.0 0.0
0.0 0.0 0.0 0.0
0.0 0.0 0.0 0.0
0.0 0.0 0.0 0.0
0.0 0.0 0.0 0.0
0.0 0.0 0.0 0.0
0.0 0.0 0.2 0.0
0.0 0.0 0.0 0.0
0.0 0.0 0.0 0.0
0.0 0.0 0.2 0.0
0.0 0.0 0.0 0.0
0.0 0.0 0.0 0.0
0.0 0.0 0.0 0.0
0.0 0.0 0.2 0.0
0.0 0.0 0.0 0.0
0.0 0.0 0.0 0.0
0.0 0.0 0.0 0.0
0.0 0.0 0.0 0.0
0.0 0.0 0.0 0.0
0.0 0.0 0.0 0.0
0.0 0.0 0.0 0.0
0.0 0.0 0.0 0.0
0.0 0.0 0.0 0.0
0.0 0.0 0.0 0.0
0.0 0.0 0.0 0.0
0.0 0.0 0.0 0.0
0.0 0.0 0.0 0.0
0.0 0.0 0.0 0.0
0.0 0.0 0.0 0.0
0.0 0.0 0.0 0.0
0.0 0.0 0.0 0.0
0.0 0.0 0.0 0.0
0.0 0.0 0.0 0.0
0.0 0.0 0.0 0.0
0.0 0.0 0.0 0.0
0.0 0.0 0.0 0.0
0.0 0.0 0.0 0.0
0.0 0.0 0.0 0.0
0.0 0.0 0.0 0.0
0.0 0.0 0.0 0.0
0.0 0.0 0.0 0.0
0.0 0.0 0.0 0.0
0.0 0.0 0.0 0.0
0.0 0.0 0.0 0.0
0.0 0.0 0.0 0.0
0.0 0.0 0.0 0.0
